12,12,11,11,11,11,12,12,12,12,12,12,12,12,12,12,12,12,12,12,12,12,12,12,12,12,11,12,11,11,12,12,12,12,12,12,12,12,12,12,12,12,12,12,12,12,12,12,12,12,12,12,12,12,12,12,12,12,12,12,12,12,12,12,12,12,12,12,12,12,12,12,11,12,11,12,11,11,12,12,12,11,11,12,12,12,12,12,11,12,12,12,12,11,11,11,12,13,13,12,12,12,12,12,12,12,12,12,12,12
12,12,11,11,11,11,11,12,12,12,12,12,12,12,12,12,12,12,12,12,12,12,12,12,11,11,11,11,11,11,12,12,12,12,12,12,12,12,12,12,12,12,12,12,12,12,12,12,12,12,12,12,12,12,12,12,12,12,12,12,12,12,12,12,12,12,12,12,12,12,12,12,12,12,12,12,12,11,12,12,11,11,12,12,12,11,12,12,11,12,12,12,12,12,11,12,13,11,12,12,12,12,12,12,12,12,12,12,12,12
12,12,11,11,11,11,11,12,12,12,12,12,12,12,12,12,12,12,12,12,12,12,12,12,11,12,11,11,11,11,12,12,12,12,12,12,12,12,12,12,12,12,12,12,12,12,12,12,12,12,12,12,12,12,12,12,12,12,12,12,12,12,12,12,12,12,12,12,12,12,12,12,12,12,11,11,11,11,11,12,12,12,12,12,12,12,12,11,11,11,12,11,12,11,12,11,11,12,12,12,12,12,12,12,12,12,12,12,12,12
11,12,12,11,11,11,11,12,12,12,12,12,12,12,12,12,12,12,12,12,12,12,12,12,12,12,11,11,11,11,12,12,11,12,12,12,12,12,12,12,12,12,12,12,12,12,12,12,12,12,12,12,12,12,12,12,12,12,12,12,12,12,12,12,12,12,12,12,12,12,12,12,12,12,12,11,11,12,11,12,12,12,12,12,12,11,11,12,12,12,12,12,12,12,11,12,12,11,11,11,12,12,12,12,12,12,12,12,12,12
11,12,12,11,11,11,11,12,12,12,12,12,12,12,12,12,12,12,12,12,12,12,12,12,11,12,12,11,11,12,11,12,12,12,12,12,12,12,12,12,12,12,12,12,12,12,12,12,12,12,12,12,12,12,12,12,12,12,12,12,12,12,12,12,12,12,12,12,12,12,12,12,12,11,11,12,12,11,12,12,12,11,11,11,11,11,12,12,12,11,11,13,12,12,12,12,11,11,11,11,12,12,12,12,12,12,12,12,12,12
11,11,12,12,11,11,11,12,12,12,12,12,12,12,12,12,12,12,12,12,12,12,11,12,11,12,12,12,12,12,12,12,12,12,12,12,12,12,12,12,12,12,12,12,12,12,12,12,12,12,12,12,12,12,12,12,12,12,12,12,12,12,12,12,12,12,12,12,12,12,12,12,11,11,12,12,12,11,11,11,12,11,11,12,12,12,12,12,12,12,12,12,12,12,12,11,11,11,12,11,12,12,12,12,12,12,12,12,12,12
11,11,13,12,12,11,11,12,12,12,12,12,12,12,12,12,12,12,12,12,12,12,12,12,12,12,12,12,12,12,12,12,12,12,12,12,12,12,12,12,12,12,12,12,12,12,12,12,12,12,12,12,12,12,12,12,12,12,12,12,12,12,12,12,12,12,12,12,12,12,12,12,12,11,12,11,12,12,11,11,12,11,11,11,12,11,11,12,11,12,12,12,12,12,11,11,12,11,11,11,11,12,12,12,12,12,12,12,12,12
11,11,12,13,12,12,11,12,12,12,12,12,12,12,12,12,12,12,12,12,11,11,12,12,12,12,12,12,12,12,12,12,12,12,12,12,12,12,12,12,12,12,12,12,12,12,12,12,12,12,12,12,12,12,12,12,12,12,12,12,12,12,12,12,12,12,12,12,12,12,12,12,12,11,11,11,11,11,11,11,11,11,11,11,12,12,12,12,12,12,12,12,11,12,12,12,11,11,12,12,11,12,12,12,12,12,12,12,12,12
11,11,12,12,12,12,12,12,12,12,12,12,12,12,11,12,12,12,12,11,11,12,12,12,12,12,12,12,12,12,12,12,12,12,12,12,12,12,12,12,12,12,12,12,12,12,12,12,12,12,12,12,12,12,12,12,12,12,12,12,12,12,12,12,12,12,12,12,12,12,12,12,12,11,11,11,11,11,11,11,11,12,11,11,12,12,11,11,12,12,11,12,12,12,11,11,12,12,12,12,12,12,12,12,12,12,12,12,12,12
11,11,12,12,12,12,12,12,12,12,12,12,12,12,12,11,11,12,12,12,12,12,12,12,12,12,12,12,12,12,12,12,12,12,12,12,12,12,12,12,12,12,12,12,12,12,12,12,12,12,12,12,12,12,12,12,12,12,12,12,12,12,12,12,12,12,12,12,12,12,12,11,11,11,11,12,11,11,11,11,12,12,12,12,12,12,11,13,12,11,12,12,12,12,12,11,12,12,12,12,12,12,12,12,12,12,12,12,12,12
11,11,12,12,12,12,12,12,12,12,12,12,12,12,12,11,11,12,12,12,12,12,12,12,12,12,12,12,12,12,12,12,12,12,12,12,12,12,12,12,12,12,12,12,12,12,12,12,12,12,12,12,12,12,12,12,12,12,12,12,12,12,12,12,12,12,12,12,12,12,12,11,11,11,11,11,11,11,11,12,11,12,11,12,12,12,12,12,11,11,11,11,12,12,12,12,12,12,12,12,11,12,12,12,12,12,12,12,12,12
12,12,12,12,12,12,12,12,12,12,12,12,12,12,11,12,12,11,11,12,12,11,12,12,12,12,12,12,12,12,12,12,12,12,12,12,12,12,12,12,12,12,12,12,12,12,12,12,12,12,12,12,12,12,12,12,12,12,12,12,12,12,12,12,12,12,12,12,12,12,12,11,11,11,11,11,11,11,11,12,12,12,11,12,12,12,12,12,12,11,11,11,11,12,12,12,12,12,12,12,12,12,12,12,12,12,12,12,12,12
11,11,12,12,12,12,12,12,12,12,12,12,12,12,11,11,11,12,12,12,12,11,12,12,12,12,12,12,12,12,12,12,12,12,12,12,12,12,12,12,12,12,12,12,12,12,12,12,12,12,12,12,12,12,12,12,12,12,12,12,12,12,12,12,12,12,12,12,11,11,11,11,11,11,11,11,12,11,11,11,11,11,12,12,11,12,12,12,12,12,12,12,12,11,12,12,12,12,12,12,12,12,12,12,12,12,12,12,12,12
11,12,12,12,12,12,12,12,12,12,12,12,11,11,11,11,12,12,12,12,12,12,12,12,12,12,12,12,12,12,12,12,12,12,12,12,12,12,12,12,12,12,12,12,12,12,12,12,12,12,12,12,12,12,12,12,12,12,12,12,12,12,12,12,12,12,12,12,11,11,11,11,11,11,11,11,11,12,12,12,11,12,12,12,12,11,12,11,11,12,12,12,12,12,12,12,12,12,12,12,12,12,12,12,12,12,12,12,12,12
11,11,12,12,12,12,12,12,12,12,12,12,11,12,11,12,12,12,12,12,12,11,12,12,12,12,12,12,12,12,12,12,12,12,12,12,12,12,12,12,12,12,12,12,12,12,12,12,12,12,12,12,12,12,12,12,12,12,12,12,12,12,12,12,12,12,12,11,11,11,11,11,11,11,11,12,12,11,11,12,11,12,11,12,11,11,12,12,12,12,12,12,12,12,12,12,12,12,12,12,12,12,12,12,12,12,12,12,12,12
11,11,12,12,12,12,12,12,12,12,12,12,12,12,12,12,12,11,12,11,12,11,12,12,12,12,12,12,12,12,12,12,12,12,12,12,12,12,12,12,12,12,12,12,12,12,12,12,12,12,12,12,12,12,12,12,12,12,12,12,12,12,12,12,12,12,12,11,11,12,11,11,11,11,11,11,11,11,12,12,11,11,12,11,11,11,12,12,12,12,12,12,12,12,12,12,12,12,12,12,12,12,12,12,12,12,12,12,12,12
11,11,12,12,12,12,12,12,12,12,12,11,12,12,11,12,11,12,11,12,11,11,11,12,12,12,12,12,12,12,12,12,12,12,12,12,12,12,12,12,12,12,12,12,12,12,12,12,11,11,12,12,12,12,12,12,12,12,12,12,12,12,12,12,12,12,11,11,11,12,11,11,12,11,11,11,11,11,12,11,11,12,12,11,11,11,11,11,12,12,12,12,12,12,12,12,12,12,12,12,12,12,12,12,12,12,12,12,12,12
11,11,12,12,12,12,12,12,12,12,12,11,11,12,12,11,11,11,11,11,11,11,11,12,12,12,12,12,12,12,12,12,12,12,12,12,12,12,12,12,12,12,12,12,12,12,12,12,11,11,12,12,12,12,12,12,12,12,12,12,12,12,12,12,12,11,11,11,11,12,12,12,12,12,11,11,12,12,11,11,11,12,12,12,12,11,12,11,11,11,12,12,12,12,12,12,12,12,12,12,12,12,12,12,12,12,12,12,12,12
11,11,12,12,12,12,12,12,12,12,11,12,12,12,12,12,12,12,12,12,11,11,12,13,12,11,12,12,12,12,12,12,12,12,12,12,12,12,12,12,12,12,12,12,12,12,11,13,11,12,12,11,12,12,12,12,12,12,12,12,12,12,12,12,11,11,12,12,12,12,13,12,12,12,12,11,12,11,11,12,12,12,12,12,12,11,11,11,12,12,12,12,12,12,12,12,12,12,12,12,12,12,12,12,12,12,12,12,12,12
11,11,12,12,12,12,12,12,12,12,12,12,11,12,11,12,11,11,12,11,11,12,11,11,11,12,12,12,12,12,12,12,12,12,12,12,12,12,12,12,12,12,12,12,12,11,12,12,11,11,12,11,12,12,12,12,12,12,12,12,12,12,12,12,11,11,12,12,12,12,12,12,12,12,12,12,11,12,12,12,13,12,12,12,11,11,11,12,11,12,12,12,12,12,12,12,12,12,12,12,12,12,12,12,12,12,12,12,12,12
11,11,12,12,12,12,12,12,12,12,12,11,11,12,12,12,12,12,12,11,11,11,12,11,11,12,12,12,12,12,12,12,12,12,12,12,12,12,12,12,12,12,12,12,12,11,11,12,12,12,11,12,11,12,12,12,12,12,12,12,12,12,12,11,12,12,11,11,12,12,12,12,12,12,11,12,11,12,12,12,12,12,12,12,11,11,11,12,12,12,12,12,12,12,12,12,12,12,12,12,12,12,12,12,12,12,12,12,12,12
12,12,12,12,12,12,12,12,12,12,12,12,12,12,12,12,12,11,11,11,11,11,12,11,12,12,12,12,12,11,12,12,12,12,12,12,12,12,12,12,12,12,12,12,12,12,12,12,12,12,12,11,11,12,12,12,12,12,12,12,12,12,12,12,12,12,11,11,11,11,12,12,12,12,12,11,12,12,13,12,12,12,12,12,11,11,11,11,11,11,12,12,12,12,12,12,12,12,12,12,12,12,12,12,12,12,12,12,12,12
12,11,12,12,12,12,12,12,11,11,13,12,12,12,12,12,11,11,12,11,11,11,11,12,12,12,12,12,12,11,11,11,12,12,12,12,12,12,12,12,12,12,12,12,12,12,12,12,12,12,12,12,11,12,11,11,12,12,12,12,12,12,11,11,11,11,11,11,11,11,11,11,11,12,11,12,12,12,12,12,12,12,12,12,11,11,11,11,11,11,12,12,12,12,12,12,12,12,12,12,12,12,12,12,12,12,12,12,12,12
12,11,12,12,12,12,12,12,11,12,12,12,12,12,12,12,12,12,11,11,11,11,12,12,12,12,12,12,12,12,11,12,11,11,12,12,12,12,12,12,12,12,12,12,12,12,12,12,12,12,12,12,11,12,11,11,11,11,11,11,12,12,12,12,12,11,11,11,11,11,11,12,12,12,11,12,12,12,12,12,12,12,12,12,11,11,11,11,11,12,12,12,12,12,12,12,12,12,12,12,12,12,12,12,12,12,12,12,12,12
12,12,12,12,12,12,12,12,11,11,12,12,12,12,12,12,12,11,11,11,12,12,12,12,12,12,12,12,12,12,12,12,12,11,11,11,12,12,12,12,12,12,12,11,12,12,12,12,12,12,12,12,12,13,12,11,11,11,12,13,11,12,12,12,12,12,11,11,11,11,11,12,11,12,12,12,12,12,12,12,12,12,12,12,11,11,11,11,11,12,12,12,12,12,12,12,12,12,12,12,12,12,12,12,12,12,12,12,11,12
12,12,12,12,12,12,12,12,11,12,12,12,12,12,12,12,12,10,11,11,11,11,12,12,12,12,12,12,12,12,12,12,11,12,11,11,12,12,12,12,12,12,12,12,12,12,12,12,12,12,12,12,11,12,11,11,11,12,11,11,12,12,12,12,12,12,11,11,11,12,12,12,12,12,12,12,12,12,13,12,12,12,12,12,11,11,11,11,11,12,12,12,12,12,12,12,12,12,12,12,12,12,12,12,12,12,12,12,11,12
12,12,12,12,12,12,12,12,12,12,12,12,12,12,12,12,12,12,11,11,12,12,12,12,12,12,12,12,12,12,12,12,11,11,12,11,11,12,12,12,12,12,12,11,12,12,12,12,12,12,12,12,11,12,12,11,12,12,11,11,12,12,12,12,12,12,11,11,12,12,12,12,12,12,11,12,12,12,12,12,12,12,12,11,11,11,11,11,11,12,12,12,12,12,12,12,12,12,12,12,12,12,12,12,12,12,12,12,12,12
12,12,12,12,12,12,12,12,12,12,12,12,12,12,12,12,12,12,11,11,11,12,12,12,12,12,12,12,12,12,12,12,12,11,12,12,11,11,12,12,12,12,12,11,12,12,12,12,12,12,12,11,11,12,12,11,12,12,11,11,12,12,12,12,11,11,12,12,13,12,11,11,12,11,11,12,12,12,12,12,12,12,12,11,11,11,11,11,11,12,12,12,12,12,12,12,12,12,12,12,12,12,12,12,12,12,12,12,12,11
11,12,12,12,12,12,12,12,12,12,12,12,12,12,12,12,12,12,12,12,11,11,12,12,12,12,12,12,12,12,12,12,12,11,11,12,12,11,11,12,12,12,11,11,12,12,12,12,12,12,12,11,11,12,12,12,12,12,11,12,11,12,12,12,11,12,12,12,12,11,11,11,12,12,11,11,12,12,12,12,12,12,12,11,11,11,11,11,12,12,12,12,12,12,12,12,12,12,12,12,12,12,12,12,12,12,12,11,11,11
12,12,12,12,12,12,12,12,12,12,12,12,12,12,12,12,12,12,12,11,11,11,12,12,12,12,12,12,12,12,12,12,12,11,11,12,12,11,11,12,12,11,12,11,11,12,12,12,12,12,12,12,12,12,12,12,12,12,11,11,11,12,12,11,12,12,11,11,11,11,11,11,11,12,11,11,12,12,12,12,12,12,12,11,11,11,11,11,12,12,12,12,12,12,12,12,12,12,12,12,12,12,12,12,12,12,12,11,12,11
12,12,12,12,12,12,12,12,12,12,12,12,12,12,12,12,12,12,12,11,11,12,12,12,12,12,12,12,12,12,12,12,12,12,11,11,12,11,12,12,11,12,11,11,11,11,11,11,11,11,12,12,12,12,12,12,11,12,12,12,11,11,11,12,12,11,11,11,11,11,11,11,11,12,12,11,12,12,12,12,12,12,12,12,11,11,11,11,12,12,12,12,12,12,12,12,12,12,12,12,12,12,12,12,12,11,11,11,11,11
12,12,12,12,12,12,12,12,12,12,12,12,12,12,12,12,12,12,12,12,11,11,12,12,12,12,12,12,12,12,12,12,12,11,11,11,12,11,12,11,12,12,11,11,11,11,11,12,12,12,12,12,12,12,12,12,12,12,12,11,11,12,12,12,12,12,11,11,11,11,11,11,11,11,11,11,11,12,12,12,12,12,12,12,11,11,11,11,12,12,12,12,12,12,12,12,12,12,12,12,12,12,12,12,11,11,11,11,11,11
12,12,12,12,12,12,12,12,12,12,12,12,12,12,12,12,12,12,12,12,11,11,12,12,12,12,12,12,12,12,12,12,12,11,11,12,11,12,12,11,12,12,11,11,11,11,11,12,11,12,12,12,12,12,11,12,12,12,12,12,11,12,12,12,12,12,11,11,11,11,11,12,12,12,12,11,11,12,12,12,12,12,12,12,11,11,11,11,12,12,12,12,12,12,12,12,12,12,12,12,12,12,11,12,11,12,11,11,11,11
12,12,12,12,12,12,12,12,12,12,12,12,12,12,12,12,12,12,12,12,12,9,12,12,12,12,12,12,12,12,12,12,12,11,12,11,12,12,12,11,12,11,11,11,11,11,12,12,11,11,12,12,12,12,11,12,12,12,12,12,11,12,12,12,12,12,12,11,11,12,12,12,12,13,12,12,12,11,12,12,12,13,12,12,12,11,11,12,12,12,12,12,12,12,12,12,12,12,12,12,12,11,12,11,11,12,11,11,11,11
12,12,12,12,12,12,12,12,12,12,12,12,12,12,12,12,12,12,12,12,12,12,12,12,12,12,12,12,12,12,12,12,11,12,11,12,12,12,11,11,13,11,11,11,11,11,12,12,11,11,12,12,11,11,11,12,12,12,12,12,11,12,11,12,12,12,11,11,11,12,12,13,12,12,12,12,12,12,11,12,12,12,12,13,12,11,11,12,12,12,12,12,12,12,12,12,12,12,12,12,12,11,11,11,11,11,11,11,11,11
11,11,12,12,12,12,11,12,12,12,12,12,12,12,12,12,12,12,12,12,12,12,23,12,12,12,12,12,12,12,12,11,12,11,12,12,12,12,12,12,12,11,11,11,11,11,12,12,12,11,11,11,12,11,11,11,12,12,12,12,11,12,12,12,12,12,11,11,12,13,12,12,12,12,12,12,12,11,12,11,11,11,12,12,12,12,11,11,12,12,12,12,12,12,12,12,12,12,11,11,11,11,11,11,11,11,11,11,11,11
11,11,12,11,12,12,12,12,12,12,12,12,12,12,12,12,12,12,12,12,12,12,12,12,12,12,12,12,11,11,11,12,11,12,12,12,12,12,11,11,12,11,11,11,11,11,12,13,12,11,12,12,12,12,11,11,11,11,12,11,11,11,11,12,12,12,11,12,12,12,12,12,12,12,12,13,12,11,12,12,12,11,11,11,12,13,11,12,12,12,12,12,12,12,11,12,11,11,12,11,11,11,11,11,11,11,11,11,11,11
11,12,11,12,12,12,11,12,12,12,12,12,12,12,12,12,12,12,12,12,12,12,12,11,12,11,11,11,11,11,12,11,11,12,12,12,12,12,12,11,12,11,11,11,11,11,12,12,12,12,12,12,12,11,11,11,11,11,11,11,11,12,11,11,12,11,11,12,12,12,12,12,12,12,12,12,12,11,11,12,12,12,12,11,11,11,12,12,12,12,11,11,11,11,11,11,11,11,11,11,11,11,11,11,11,11,11,12,11,12
11,11,11,11,11,11,12,11,12,11,11,12,12,12,12,12,11,12,12,12,12,12,15,11,12,11,11,11,12,12,11,11,12,12,12,12,12,12,12,12,11,12,12,12,12,11,12,11,11,12,12,12,11,11,11,11,11,11,11,11,11,12,12,12,11,11,12,11,11,12,11,12,12,12,12,12,12,11,11,12,12,12,12,12,12,12,12,12,11,11,11,11,11,11,11,11,11,11,11,11,11,11,12,12,12,12,12,12,12,12
12,11,11,11,11,11,11,11,11,11,11,11,11,11,11,12,11,11,11,12,12,12,12,11,11,11,11,12,12,12,11,11,12,12,12,12,12,12,12,12,12,12,12,12,12,11,12,12,12,12,12,12,11,11,11,11,11,11,11,12,12,11,12,11,12,11,11,11,11,11,11,12,12,12,13,12,12,11,11,12,12,12,12,12,12,12,12,11,12,12,12,11,11,11,11,11,11,11,11,12,12,12,12,11,12,13,12,12,12,13
11,11,11,11,11,11,11,11,11,11,11,11,11,11,11,11,11,11,11,11,11,11,11,12,11,11,11,12,12,12,11,11,11,12,12,12,12,12,12,11,11,11,11,11,12,12,11,12,12,12,12,11,11,11,11,12,12,12,12,12,13,12,12,12,11,11,11,11,11,12,12,12,12,12,12,12,12,11,11,11,12,12,12,12,12,12,11,11,11,12,12,12,11,12,12,12,12,12,12,12,12,12,12,13,12,12,11,11,11,11
12,12,11,11,11,11,11,12,11,11,11,11,11,11,11,11,11,11,11,11,11,11,11,12,11,11,12,12,13,12,11,11,11,12,12,12,12,11,12,11,11,11,11,12,12,11,11,11,12,12,12,11,11,11,12,12,12,12,12,11,11,11,12,11,11,11,11,11,11,13,11,11,12,12,12,11,11,11,11,11,12,12,12,12,12,12,11,11,11,12,12,13,13,13,12,12,13,12,12,12,12,12,12,12,12,11,12,11,11,11
12,12,12,12,13,12,12,11,11,11,12,12,11,11,11,12,12,12,12,12,12,11,11,12,11,11,11,12,13,12,12,11,11,11,12,12,11,11,11,11,11,12,13,11,12,11,11,11,11,11,12,11,11,11,12,12,12,12,11,11,12,12,12,11,11,11,11,11,12,11,11,11,11,11,11,11,11,11,11,11,12,12,12,12,12,12,11,11,11,11,11,12,12,12,12,12,12,12,12,11,12,12,12,11,12,11,12,12,12,12
12,12,13,12,12,12,12,12,12,12,12,12,12,12,12,12,12,12,12,12,12,12,11,12,12,11,12,12,12,12,12,11,11,11,11,11,11,11,11,11,11,12,12,12,11,11,11,11,11,12,11,12,12,11,12,12,12,11,11,11,12,11,12,11,12,12,11,11,11,12,12,12,12,12,12,11,11,12,12,12,11,11,12,12,12,11,11,11,11,11,11,11,11,12,11,11,11,11,11,11,11,11,12,12,11,12,11,12,12,12
12,12,12,12,12,12,13,12,12,12,12,12,13,12,12,12,12,12,12,12,12,11,11,12,11,11,11,12,12,12,12,12,12,11,11,11,11,11,11,11,11,13,12,12,11,11,11,11,12,11,12,11,12,11,12,11,11,11,12,12,12,11,12,12,12,12,12,12,11,12,12,12,12,12,12,11,11,12,12,12,12,12,12,11,12,11,11,11,11,12,11,11,11,11,11,11,11,12,12,12,12,12,11,12,11,12,12,12,12,12
13,11,12,12,12,12,12,12,12,12,12,12,12,12,12,12,12,12,12,12,12,11,11,12,12,11,11,11,12,12,13,12,12,12,12,11,11,12,11,11,11,11,12,11,11,11,11,11,12,11,12,11,11,11,12,11,11,11,12,12,12,12,12,12,11,12,12,11,12,12,12,12,11,11,11,13,11,12,12,12,12,12,12,11,12,11,12,12,12,11,11,11,12,12,12,12,12,11,12,12,12,12,12,12,12,12,12,12,12,12
11,11,12,12,12,11,11,12,12,12,12,12,12,12,12,12,12,12,12,12,12,11,11,11,12,12,11,11,12,12,12,12,12,11,12,11,12,12,12,11,12,12,11,11,11,11,11,12,12,13,12,12,12,12,12,12,12,11,12,12,12,12,12,12,11,12,12,11,12,12,12,11,11,11,12,12,11,12,12,12,12,12,12,12,11,11,12,12,12,12,12,12,12,12,12,12,12,12,12,12,12,12,12,12,12,12,12,12,11,12
11,11,11,11,11,11,11,11,11,11,11,11,11,11,11,11,12,11,11,11,11,11,11,11,12,12,11,12,12,12,12,12,12,12,12,11,11,12,12,11,12,12,11,11,11,11,11,12,12,12,12,12,12,12,13,12,12,11,11,11,11,12,11,11,11,12,12,11,12,12,11,11,11,12,12,11,11,11,12,12,12,12,12,12,11,12,12,12,12,12,12,12,12,12,12,12,12,12,12,12,12,12,12,12,12,12,11,12,12,12
11,11,11,11,11,11,11,11,11,11,11,11,11,11,11,11,11,11,11,11,11,11,11,11,12,12,12,11,12,12,13,12,12,11,11,12,12,11,12,11,11,11,11,11,11,11,11,12,11,12,12,12,12,12,12,11,12,11,11,11,12,12,11,11,11,12,12,11,12,11,11,11,12,12,12,11,11,11,11,12,12,12,12,12,11,12,12,12,12,12,12,12,12,12,12,12,12,12,12,12,12,12,12,12,12,12,12,12,12,12
11,11,11,11,11,11,11,11,11,11,11,11,11,11,11,11,11,11,11,11,11,11,11,11,11,12,12,11,12,12,12,11,11,12,11,11,11,11,12,11,12,11,11,11,11,12,12,12,11,12,12,12,12,12,12,12,12,12,12,12,12,11,11,11,11,12,11,12,11,11,12,12,12,12,12,11,11,11,11,11,12,11,11,11,11,12,12,12,12,12,12,12,12,12,12,12,12,12,12,12,12,12,12,12,12,12,12,12,12,12
11,11,11,11,11,11,11,11,11,11,11,11,11,11,11,11,11,11,11,11,11,11,11,11,11,11,11,11,12,12,12,12,12,11,11,12,11,11,12,11,11,12,12,11,12,12,12,11,12,11,12,11,11,11,12,12,14,12,12,12,12,13,11,11,11,11,12,11,11,12,12,12,12,12,12,12,11,11,11,11,11,11,11,13,12,12,12,12,12,12,12,12,12,12,12,12,12,12,12,12,12,12,12,12,12,12,12,12,12,12
11,12,11,11,11,12,11,12,12,11,11,11,11,11,11,11,11,11,11,11,11,11,11,11,12,12,12,12,12,11,12,11,11,12,12,11,12,12,12,11,11,12,13,11,12,12,11,12,12,12,12,12,12,12,12,12,11,12,12,12,13,12,11,11,12,12,11,12,12,12,12,12,12,12,12,12,12,12,11,11,12,12,11,12,12,12,12,12,12,12,12,12,12,12,12,12,12,12,12,12,11,12,12,12,11,12,12,12,12,12
12,12,12,12,12,12,12,12,12,11,12,12,12,11,11,11,11,11,11,11,11,11,11,11,12,12,12,11,11,11,12,12,12,12,12,12,12,11,11,11,12,11,12,12,12,11,12,12,11,11,11,11,11,12,11,12,12,12,12,13,12,11,12,11,12,11,11,12,12,12,12,12,12,12,12,12,12,13,12,11,11,12,12,12,12,12,12,12,12,12,12,11,12,12,12,11,11,12,12,12,12,12,12,12,12,11,12,11,11,12
12,12,12,12,12,12,12,12,12,12,12,12,12,12,12,12,12,11,11,11,11,11,11,12,12,12,11,11,11,12,12,12,12,12,12,12,12,12,12,12,12,11,12,12,12,12,12,11,11,11,11,11,11,11,11,11,12,11,12,12,11,11,12,12,12,11,12,13,12,12,12,12,12,12,12,13,12,12,11,11,12,12,12,12,12,12,13,11,11,12,12,12,11,11,11,11,11,11,12,12,11,12,11,12,12,11,12,11,12,12
12,12,12,12,12,12,12,12,12,12,12,12,12,12,12,12,12,12,12,11,11,11,12,12,12,11,11,11,11,13,12,12,12,12,12,12,12,12,12,12,12,11,12,12,12,12,11,11,12,12,12,12,12,11,12,11,12,12,11,11,11,12,12,12,11,11,12,13,12,12,12,12,12,12,13,12,12,11,11,12,12,12,12,11,11,11,13,12,12,12,13,12,12,12,12,12,12,11,12,11,11,13,12,11,12,11,11,11,11,11
12,12,12,12,12,12,12,12,12,12,12,12,12,12,12,12,12,12,12,11,11,11,12,12,12,11,11,11,11,12,12,11,11,12,12,12,13,12,12,12,13,11,12,12,12,12,11,12,12,12,12,12,12,12,11,11,12,11,11,11,12,12,12,12,11,11,12,12,12,12,12,12,12,13,12,12,11,11,11,11,12,12,12,12,12,12,12,12,11,12,12,12,13,12,12,12,12,12,12,12,11,11,12,11,11,11,12,12,11,11
12,12,12,12,12,12,12,12,12,12,12,12,12,12,12,12,12,12,12,11,11,11,12,11,11,11,11,11,12,12,11,11,11,11,12,12,13,12,11,12,11,12,12,12,12,11,11,12,12,12,12,12,12,12,12,12,11,11,12,11,12,12,12,12,11,12,12,12,12,12,12,12,12,12,12,11,11,11,11,11,12,12,12,12,12,12,11,11,11,11,11,12,12,12,12,13,12,13,12,12,12,12,11,12,11,12,11,12,11,11
12,12,12,12,12,12,12,12,12,12,12,12,12,12,12,12,12,12,12,12,12,11,12,11,11,11,11,11,12,12,11,11,11,11,11,12,13,12,11,11,11,11,12,11,11,11,11,12,12,11,11,11,11,12,12,12,11,11,11,11,12,12,12,11,11,12,12,12,11,12,12,12,12,12,11,11,11,11,12,12,11,12,12,12,12,12,12,11,11,11,11,12,12,12,12,12,12,12,12,12,11,11,12,12,12,11,12,11,12,12
12,12,12,12,12,12,12,12,12,12,12,12,12,12,12,12,12,12,12,12,12,11,11,11,11,11,11,11,12,12,11,11,11,11,11,12,12,12,11,11,11,12,12,13,11,12,11,12,12,11,11,12,12,11,12,12,12,11,12,11,12,12,11,12,12,12,12,11,12,12,12,12,12,11,11,11,12,12,12,11,11,12,12,12,12,12,12,12,11,12,12,12,12,12,12,12,12,12,12,12,12,12,12,12,12,12,11,11,12,11
12,12,12,12,12,12,12,12,12,12,12,12,12,12,12,12,12,12,12,12,12,12,11,11,11,11,11,11,11,13,11,11,11,11,11,12,12,11,11,11,11,11,12,12,11,12,12,11,11,11,11,12,11,12,12,12,11,11,11,12,12,11,12,12,12,12,11,11,12,12,12,12,11,11,11,11,12,12,11,12,12,12,12,12,12,12,12,11,11,12,12,12,12,12,12,12,12,11,12,12,12,11,12,12,12,12,11,12,12,12
12,12,12,12,12,12,12,12,12,12,12,12,12,12,12,12,12,12,12,12,12,12,11,11,11,12,11,11,12,13,11,11,11,11,11,12,12,12,11,11,11,11,11,12,12,11,12,12,13,12,12,12,11,11,12,12,12,11,12,12,11,11,13,12,12,11,11,12,12,13,12,11,11,11,11,12,11,11,12,12,12,12,12,12,12,12,12,11,11,12,12,12,12,12,12,12,12,12,12,12,11,11,11,11,11,11,11,11,11,11
12,12,12,12,12,12,12,12,12,12,12,12,12,12,12,12,12,12,12,12,11,12,11,11,11,11,11,11,11,12,11,11,11,11,11,12,12,11,11,11,11,11,12,11,12,11,11,11,12,12,12,12,11,11,12,12,12,12,12,11,11,13,12,12,12,11,11,12,12,11,11,11,11,11,12,12,11,12,12,12,12,12,11,11,11,12,11,12,12,12,11,11,12,12,12,12,12,11,11,11,11,11,11,11,11,11,12,11,12,12
12,12,12,12,12,12,12,12,12,12,12,12,12,12,12,12,12,12,12,12,11,12,11,11,11,11,11,11,12,13,12,11,11,11,11,12,13,12,11,11,11,11,13,12,12,11,11,11,12,12,12,12,11,11,12,12,12,12,12,11,12,12,12,12,11,11,12,12,12,11,11,11,11,11,13,11,12,12,12,12,12,12,11,12,12,11,12,12,12,12,12,11,11,11,12,11,11,11,11,11,11,11,11,11,11,11,11,11,11,11
12,12,12,12,12,12,12,12,12,12,12,12,12,12,12,12,12,12,12,11,11,13,12,11,11,11,11,11,12,13,12,11,11,11,11,11,11,12,11,11,12,11,12,11,11,12,11,11,12,12,12,12,13,12,12,12,12,12,12,11,12,13,12,12,11,12,12,12,11,11,11,12,11,11,11,12,12,12,12,12,11,11,12,12,11,11,12,12,12,12,12,12,11,11,12,12,11,11,11,11,11,12,12,12,12,12,11,12,12,12
12,12,12,12,12,12,12,12,12,12,12,12,12,12,12,12,12,12,12,11,12,12,12,12,11,11,11,12,12,13,12,11,11,11,11,11,13,12,11,11,12,12,11,12,12,12,11,11,12,13,12,12,12,11,11,11,11,12,12,12,12,12,12,12,12,12,13,12,11,11,12,12,12,11,11,12,12,12,12,12,11,11,12,11,11,12,12,12,12,12,12,12,12,11,12,11,11,11,12,11,12,12,11,12,12,12,12,12,12,12
12,12,12,12,12,12,12,12,12,12,12,12,12,12,12,12,12,11,11,11,12,12,12,12,12,12,12,12,12,13,12,11,11,12,11,12,12,12,13,12,12,12,12,12,12,12,12,12,12,12,11,11,12,11,11,11,11,11,11,12,12,13,12,12,12,12,12,11,11,11,12,12,11,12,12,12,12,12,12,11,12,12,11,11,12,12,12,12,12,12,12,12,12,12,11,12,12,12,12,12,12,12,12,12,12,12,12,12,12,12
12,12,12,12,12,12,12,12,12,12,12,12,12,12,12,12,12,11,11,12,12,12,13,12,12,12,12,12,12,12,12,12,11,12,12,11,11,12,12,12,12,12,12,12,11,12,11,12,11,11,11,12,12,11,11,11,11,11,11,11,11,12,12,12,13,12,11,11,11,12,12,11,11,11,12,12,12,12,12,11,12,11,11,12,12,12,12,12,12,12,12,12,11,11,12,12,12,12,12,12,12,12,12,12,12,12,12,12,12,12
12,12,12,12,12,12,12,12,12,12,12,12,12,12,12,12,11,11,11,12,12,12,12,12,12,12,12,12,12,12,12,12,13,11,11,12,12,12,11,11,11,11,11,11,11,12,11,12,12,12,12,12,11,11,12,12,12,12,12,12,12,11,11,13,12,11,11,11,11,11,11,11,12,11,12,12,12,12,11,11,11,11,12,12,12,12,12,12,12,11,11,11,12,11,12,12,12,12,12,12,12,12,12,12,12,12,12,12,12,12
12,12,12,12,12,12,12,12,12,12,12,12,12,12,11,11,11,11,12,12,12,12,12,12,12,12,13,12,12,12,12,12,11,11,11,11,11,11,11,12,12,11,11,11,11,11,11,12,12,12,12,12,11,12,12,12,13,12,13,12,12,12,13,11,12,12,12,11,11,11,11,12,11,11,12,12,12,12,11,11,12,12,12,12,12,12,11,12,11,11,11,12,11,12,12,12,12,12,12,12,12,12,12,12,12,12,12,12,12,12
12,12,12,12,12,12,12,12,12,12,12,11,12,11,11,11,11,12,12,12,12,13,12,12,13,12,13,12,12,12,12,11,12,12,11,11,11,11,12,11,11,11,12,12,11,11,11,12,12,12,12,11,11,11,11,11,11,12,13,13,12,12,12,12,11,12,12,11,11,12,12,11,11,12,12,12,12,11,12,11,12,12,12,12,12,12,11,11,11,12,12,11,11,12,12,12,12,12,12,12,12,12,12,12,12,12,12,12,12,12
12,12,12,12,12,12,12,12,12,12,12,11,11,11,11,11,12,12,12,12,12,12,12,13,12,13,12,12,13,12,12,11,12,12,12,12,12,12,12,11,11,11,11,11,11,11,11,12,12,12,11,12,11,12,12,11,11,11,12,12,12,12,12,12,11,11,12,12,12,11,12,11,12,12,12,12,12,12,12,12,12,12,12,12,11,11,11,12,12,12,11,11,12,12,12,12,12,12,12,12,12,12,12,12,12,12,12,12,12,12
12,12,12,12,12,12,12,12,11,11,11,11,11,11,12,12,12,12,12,12,12,12,12,13,12,12,12,13,13,12,12,11,12,12,12,12,12,12,12,12,12,11,11,11,11,11,12,12,12,12,11,12,11,11,12,12,12,11,12,12,12,12,11,11,11,11,12,11,11,11,11,11,12,12,12,12,11,12,12,12,12,12,11,11,12,11,12,12,11,11,11,12,12,12,12,12,12,12,12,12,12,12,12,12,12,12,12,12,12,12
12,12,12,12,12,11,11,11,11,11,11,11,11,12,12,12,12,12,12,13,12,13,12,13,13,12,12,13,12,13,11,12,12,12,12,12,12,12,12,12,12,12,12,12,11,11,12,12,12,11,12,12,11,11,11,11,12,12,11,11,11,11,11,11,12,12,12,12,11,11,12,11,12,12,12,12,12,12,12,12,12,11,11,12,12,11,11,11,11,12,12,12,12,12,12,12,12,12,12,12,12,12,12,12,12,12,12,12,12,12
12,11,12,12,12,12,11,11,11,11,12,12,12,12,12,12,13,13,13,13,13,12,12,13,12,13,12,12,12,12,12,12,12,12,12,12,12,12,12,11,11,12,12,12,12,12,12,12,11,12,12,12,11,11,11,11,12,12,11,12,12,12,12,12,11,12,12,12,12,11,11,11,11,11,12,12,12,12,12,12,11,11,11,11,11,11,12,12,12,12,12,12,12,12,12,12,12,12,12,12,12,12,12,12,12,12,12,12,12,12
12,11,12,12,11,11,11,11,11,11,12,12,12,12,12,12,13,12,12,12,12,12,12,12,12,13,13,12,13,13,11,11,11,11,12,12,11,11,11,11,12,12,11,11,11,11,11,12,13,12,12,12,12,12,12,12,13,12,11,11,11,12,11,12,12,11,12,12,11,11,11,12,12,12,12,12,12,12,12,12,11,11,12,12,12,12,12,12,12,12,12,12,12,12,12,12,12,12,12,12,12,12,12,12,12,12,12,12,12,12
11,11,11,11,11,11,11,12,12,12,12,12,12,12,13,13,13,12,13,12,12,12,12,12,12,12,12,12,12,11,11,12,11,11,12,11,11,11,12,12,12,12,12,12,13,13,12,11,12,11,12,12,12,12,12,12,12,11,11,11,11,11,11,12,11,11,11,12,12,11,12,11,12,12,12,12,12,12,12,11,12,12,12,12,12,12,12,12,12,12,12,12,12,12,12,12,12,12,12,12,12,12,12,12,12,12,12,12,12,12
11,12,12,12,11,12,12,12,12,12,13,12,12,12,12,12,12,12,12,12,12,12,12,12,12,12,12,12,12,12,12,12,12,12,12,12,12,12,13,12,13,12,13,12,12,12,12,12,11,11,11,12,12,12,12,12,11,11,11,11,11,11,12,12,11,11,12,12,11,12,12,12,12,12,12,12,12,12,12,11,12,12,12,12,12,12,12,12,12,12,12,12,12,12,12,12,12,12,12,12,12,12,12,12,12,12,12,12,12,12
12,12,12,12,12,12,12,13,12,13,12,13,12,12,12,12,12,12,12,12,12,12,12,12,12,12,12,11,12,11,11,12,11,11,12,11,12,12,12,12,12,12,12,12,12,12,12,11,11,11,11,11,12,13,12,12,11,11,11,11,11,12,12,11,11,11,12,12,11,12,11,12,12,12,12,12,12,12,12,12,12,12,12,12,12,12,12,12,12,12,12,12,12,12,12,12,12,12,12,12,12,12,12,12,12,12,12,12,12,12
12,12,12,12,12,12,12,12,12,12,12,12,12,12,12,12,12,12,12,12,12,12,12,12,11,12,12,12,11,11,11,11,11,11,12,12,11,12,12,12,12,12,12,12,12,12,12,11,11,11,11,11,12,13,12,11,11,11,11,11,11,12,12,11,11,12,12,12,11,12,12,12,12,12,12,12,12,12,12,11,12,12,12,12,12,12,12,12,12,12,12,12,12,12,12,12,12,12,12,12,12,12,12,12,12,12,12,12,12,12
13,12,12,12,12,12,12,12,12,12,12,12,12,12,12,12,12,12,12,12,12,12,11,11,11,11,11,11,12,11,11,11,11,11,12,12,11,11,11,12,12,12,12,12,12,12,12,11,11,11,11,11,12,12,12,11,11,11,11,11,11,13,11,11,12,12,12,12,11,12,12,12,12,12,12,12,12,11,11,12,12,12,12,12,12,12,12,12,12,12,12,12,12,12,12,12,12,12,12,12,12,12,12,12,12,12,12,12,12,12
12,12,12,12,12,12,12,12,12,12,12,12,12,12,12,11,11,11,11,11,11,11,11,11,11,11,12,11,11,11,11,11,12,12,12,12,12,11,11,12,12,12,12,12,12,12,12,12,12,11,11,11,11,12,12,11,11,11,11,11,12,12,12,12,12,12,12,12,12,12,12,12,12,12,12,12,11,12,11,12,12,12,12,12,12,12,12,12,12,12,12,12,12,12,12,12,12,12,12,12,12,12,12,12,12,12,12,12,12,12
12,12,12,12,12,12,12,12,12,12,12,12,12,11,12,11,11,11,11,11,11,11,11,11,11,11,12,11,11,11,11,11,11,12,12,12,12,11,11,12,12,12,12,12,13,12,12,12,12,11,11,11,11,12,12,12,11,11,11,12,12,12,12,12,12,12,12,12,11,12,12,12,12,12,12,12,11,12,11,12,12,12,12,12,12,12,12,12,12,12,12,12,12,12,12,12,12,12,12,12,12,12,12,12,12,12,12,12,12,12
12,12,12,12,12,12,12,12,11,11,11,12,12,11,12,11,11,11,11,11,11,11,11,11,12,12,12,11,11,11,11,11,11,12,12,12,12,11,11,12,12,12,13,13,12,12,13,12,12,11,11,11,11,11,11,12,12,11,11,11,11,12,12,12,12,12,12,12,11,12,12,12,12,12,12,11,12,11,11,12,12,12,12,12,12,12,12,12,12,12,12,12,12,12,12,12,12,12,12,12,12,12,12,12,12,12,12,12,12,12
11,11,11,11,11,11,11,11,11,11,11,11,11,11,11,11,11,11,11,11,11,11,11,11,11,12,11,11,11,11,11,11,11,12,12,12,12,12,11,12,12,12,12,12,12,12,12,12,12,12,11,11,12,12,11,11,11,11,11,11,12,12,12,12,12,12,12,12,11,11,12,12,12,12,11,12,12,11,12,12,12,12,12,12,12,12,12,12,12,12,12,12,12,12,12,12,12,12,12,12,12,12,12,12,12,12,12,12,12,12
11,11,11,11,11,11,11,11,11,11,11,11,11,11,11,11,11,11,11,11,11,11,11,11,11,11,11,11,11,11,11,11,11,11,12,12,12,12,11,12,13,12,12,12,11,11,11,11,12,12,11,11,11,11,11,11,11,11,11,12,12,12,12,12,12,12,12,11,11,12,12,12,12,11,11,13,11,11,12,12,12,12,12,12,12,12,12,12,12,12,12,12,12,12,12,12,12,12,12,12,12,12,12,12,12,12,12,12,12,12
11,11,11,11,11,11,11,11,11,11,11,11,11,11,11,11,11,11,11,11,11,12,12,12,12,11,11,11,11,11,11,11,11,11,12,12,12,12,11,12,11,11,11,11,11,11,11,11,12,12,12,11,11,11,11,11,11,11,11,11,12,12,12,12,11,12,11,11,12,12,12,12,11,12,12,12,11,11,12,12,12,12,12,12,12,12,12,12,12,12,12,12,12,12,12,12,12,12,12,12,12,12,12,12,12,12,12,12,12,12
11,11,11,11,11,11,11,11,11,11,11,11,11,11,11,11,11,11,11,12,11,12,12,12,11,11,11,11,11,11,11,11,11,11,11,11,11,12,12,11,11,11,12,11,11,11,11,11,12,12,11,11,11,11,11,11,11,11,11,11,12,12,12,12,11,11,11,11,11,12,12,11,12,12,11,11,11,12,12,12,12,12,12,12,12,12,12,12,12,12,12,12,12,12,12,12,12,12,12,12,12,12,12,12,12,12,12,12,12,12
11,11,11,11,11,11,11,11,11,11,11,11,11,11,11,11,11,12,11,11,11,12,11,11,11,11,11,11,11,11,11,11,11,11,11,11,11,11,11,12,12,12,12,12,12,12,12,11,12,12,12,11,11,11,11,11,11,11,11,11,12,11,12,12,11,11,11,11,12,11,12,12,12,11,11,11,12,12,12,12,12,12,12,12,12,12,12,12,12,12,12,12,12,12,12,12,12,12,12,12,12,12,12,12,12,12,12,12,12,12
11,11,11,11,11,11,11,11,11,11,11,11,11,11,11,12,11,12,11,12,12,12,12,12,11,11,11,11,11,11,11,11,11,11,11,11,11,12,11,12,12,12,12,12,12,12,12,11,12,12,11,11,11,11,11,11,11,12,12,12,12,11,12,12,12,12,11,12,13,11,12,11,11,12,11,12,12,12,12,12,12,12,12,12,12,12,12,12,12,12,12,12,12,12,12,12,12,12,12,12,12,12,12,12,12,12,12,12,12,12
11,11,11,11,11,11,11,11,11,11,11,11,11,11,11,12,11,11,12,11,11,11,11,11,11,11,11,11,11,11,11,11,11,11,11,11,12,12,11,11,12,12,12,12,12,12,12,11,12,12,12,11,11,11,11,11,11,12,12,12,12,12,11,12,12,12,12,11,12,11,12,12,12,12,12,12,12,12,12,12,12,12,12,12,12,12,12,12,12,12,12,12,12,12,12,12,12,12,12,12,12,12,12,12,12,12,12,12,12,12
11,11,11,11,11,11,11,11,11,11,11,11,11,11,11,11,11,11,12,12,11,11,12,11,12,11,11,11,11,11,11,11,11,11,11,11,12,12,11,11,12,12,12,12,12,12,12,11,12,12,11,11,11,11,11,11,12,12,12,12,12,11,11,11,12,12,12,12,11,11,12,12,12,12,12,12,12,12,12,12,12,12,12,12,12,12,12,12,12,12,12,12,12,12,12,12,12,12,12,12,12,12,12,12,12,12,12,12,12,12
11,11,11,11,11,11,11,11,11,11,11,11,11,11,11,11,12,11,12,12,12,12,12,11,11,11,11,11,11,11,11,11,11,11,11,12,12,12,11,11,12,12,12,12,12,12,12,12,12,12,11,11,11,11,11,12,12,12,12,12,12,11,11,11,11,12,12,12,11,12,12,12,12,12,12,12,12,12,12,12,12,12,12,12,12,12,12,12,12,12,12,12,12,12,12,12,12,12,12,12,12,12,12,12,12,12,12,12,12,12
11,11,11,11,11,11,11,11,11,11,11,11,11,11,12,11,12,12,11,12,12,11,11,11,11,11,11,11,11,11,11,11,11,11,12,12,12,12,11,11,11,12,12,12,12,12,11,12,12,12,11,11,11,11,11,12,12,12,12,12,12,11,11,11,11,11,12,12,12,12,12,12,12,12,12,12,12,12,12,12,12,12,12,12,12,12,12,12,12,12,12,12,12,12,12,12,12,12,12,12,12,12,12,12,12,12,12,12,12,12
11,11,11,11,11,11,11,11,11,11,11,11,11,11,11,12,11,12,12,11,12,11,11,11,12,11,11,11,11,11,11,11,11,12,12,12,12,12,11,11,11,12,12,12,12,12,12,12,12,11,11,11,11,11,12,12,12,13,12,12,12,11,11,11,11,12,12,12,12,11,12,12,12,12,12,12,12,12,12,12,12,12,12,12,12,12,12,12,12,12,12,12,12,12,12,12,12,12,12,12,12,12,12,12,12,12,12,12,12,12
11,11,11,11,11,11,11,11,11,11,12,12,12,11,11,12,12,12,11,11,11,11,12,11,11,11,11,11,11,11,12,11,11,12,12,13,12,12,11,11,11,11,12,12,12,12,13,12,11,11,11,11,11,11,11,12,12,12,13,12,12,11,11,11,11,11,12,12,12,12,12,12,12,12,12,12,12,12,12,12,12,12,12,12,12,12,12,12,12,12,12,12,12,12,12,12,12,12,12,12,12,12,12,12,12,12,12,12,12,12
11,11,11,11,11,11,11,11,11,11,12,11,12,11,11,12,12,12,11,12,11,11,12,11,11,12,11,11,11,11,11,11,11,12,12,12,13,13,11,11,11,11,12,12,12,12,12,12,11,11,11,11,11,11,11,12,12,12,12,12,12,11,11,11,11,11,12,11,11,12,12,12,12,12,12,12,12,12,12,12,12,12,12,12,12,12,12,12,12,12,12,12,12,12,12,12,12,12,12,12,12,12,12,12,12,12,12,12,12,12
11,11,11,11,11,11,11,11,11,11,12,11,12,12,12,11,11,12,12,11,12,12,11,11,11,11,11,11,11,11,11,11,11,12,12,12,12,12,11,11,11,11,12,12,12,13,12,11,11,11,11,11,11,11,11,12,12,12,12,12,12,11,11,11,11,11,11,12,11,12,11,12,12,12,12,12,12,12,12,12,12,12,12,12,12,12,12,12,12,12,12,12,12,12,12,12,12,12,12,12,12,12,12,12,12,12,12,12,12,12
11,11,11,11,11,11,11,11,11,11,12,11,12,12,12,12,12,12,12,11,13,12,11,11,12,11,11,12,11,12,11,11,11,11,12,12,12,12,11,11,12,11,12,12,11,11,12,11,11,11,11,11,11,11,11,12,12,12,12,12,12,11,11,11,11,11,11,11,11,11,11,12,12,12,12,12,12,12,12,12,12,12,12,12,12,12,12,12,12,12,12,12,12,12,12,12,12,12,12,12,12,12,12,12,12,12,12,12,12,12
11,11,11,11,11,11,11,11,11,11,12,11,12,11,11,11,12,12,11,11,11,11,12,12,11,11,11,11,11,12,12,12,12,12,12,12,12,11,12,12,12,12,11,11,12,12,11,12,11,11,11,11,11,11,11,12,12,12,13,12,12,11,11,11,11,11,11,11,11,12,12,11,11,12,12,12,12,12,12,12,12,12,12,12,12,12,12,12,12,12,12,12,12,12,12,12,12,12,12,12,12,12,12,12,12,12,12,12,12,12
11,11,11,11,11,11,11,11,11,12,12,13,11,11,11,12,12,12,11,12,11,11,11,12,11,12,11,11,11,12,12,12,12,12,12,12,12,12,12,12,11,12,12,11,12,12,11,11,12,11,11,11,11,11,11,12,12,12,13,12,12,11,11,11,11,11,11,11,11,11,13,11,12,12,12,12,12,12,12,12,12,12,12,12,12,12,12,12,12,12,12,12,12,12,12,12,12,12,12,12,12,12,12,12,12,12,12,12,12,12
11,11,11,12,12,12,11,11,11,12,12,12,13,11,11,12,12,12,12,12,11,12,12,12,12,12,11,11,11,11,11,11,11,11,13,12,12,12,12,12,12,11,11,11,12,12,11,11,11,11,11,11,11,11,11,12,12,12,13,12,12,11,11,11,11,11,11,11,12,11,12,11,12,12,12,12,12,12,12,12,12,12,12,12,12,12,12,12,12,12,12,12,12,12,12,12,12,12,12,12,12,12,12,12,12,12,12,12,12,11
11,11,11,12,12,12,12,13,12,11,12,12,12,12,11,11,12,12,12,12,11,11,12,12,12,11,11,11,11,11,11,11,12,11,12,12,11,12,12,12,11,12,11,12,12,12,12,12,11,12,11,11,11,11,11,11,12,12,13,12,12,12,11,11,11,11,11,11,11,11,11,12,12,12,12,12,12,12,12,12,12,12,12,12,12,12,12,12,12,12,12,12,12,12,12,12,12,12,12,12,12,12,12,12,12,12,12,12,12,11
11,11,12,12,12,12,12,12,12,11,12,12,11,11,11,11,12,12,12,12,11,12,12,12,12,12,11,11,11,11,12,11,12,12,12,12,12,12,12,12,11,12,11,12,12,12,11,12,12,11,11,11,11,11,11,11,12,12,12,12,12,11,11,11,11,11,11,11,11,11,12,11,11,12,12,12,12,12,12,12,12,12,12,12,12,12,12,12,12,12,12,12,12,12,12,12,12,12,12,12,12,12,12,12,12,12,12,12,12,11
11,11,12,12,12,12,12,12,11,11,12,11,12,12,12,12,12,12,12,12,12,11,12,12,12,11,12,11,11,11,13,11,12,12,12,12,12,12,12,11,12,11,11,12,12,12,12,11,12,12,11,11,11,11,11,12,12,12,12,12,12,12,12,11,11,11,11,11,11,11,11,11,12,12,12,12,12,12,12,12,12,12,12,12,12,12,12,12,12,12,12,12,12,12,12,12,12,12,12,12,12,12,12,12,12,12,12,12,12,11
11,11,11,11,11,12,12,12,12,11,11,11,11,12,12,12,12,12,12,12,12,12,12,12,12,12,12,12,12,11,12,11,12,11,11,11,11,11,11,11,12,11,12,12,12,12,12,11,12,11,11,11,11,11,11,11,12,12,12,12,12,11,11,11,11,11,11,11,11,11,11,11,11,11,12,12,12,12,12,12,12,12,12,12,12,12,12,12,12,12,12,12,12,12,12,12,12,12,12,12,12,12,12,12,12,12,12,12,12,11
11,11,11,11,11,12,12,13,12,11,11,11,11,11,11,12,12,12,12,12,12,12,11,12,12,12,12,12,12,12,11,11,11,11,11,11,11,12,13,11,12,12,11,12,12,12,12,12,12,12,12,11,11,11,11,11,12,12,12,12,12,12,12,11,11,11,11,11,11,11,11,12,12,12,12,12,12,12,12,12,12,12,12,12,12,12,12,12,12,12,12,12,12,12,12,12,12,12,12,12,12,12,12,12,12,12,12,12,12,11
11,11,11,11,12,12,12,12,12,11,11,11,11,11,12,12,12,12,11,12,12,12,12,11,12,12,12,12,12,12,12,12,12,13,11,11,11,12,11,11,12,12,12,12,12,12,11,12,12,12,12,11,11,11,11,11,12,12,12,12,12,12,12,11,11,11,11,11,11,12,12,11,12,12,12,12,12,12,12,12,12,12,12,12,12,12,12,12,12,12,12,12,12,12,12,12,12,12,12,12,12,12,12,12,12,12,12,12,12,11
11,11,11,12,12,12,12,12,12,11,11,11,11,12,12,12,12,12,12,12,12,12,12,12,12,12,12,12,12,12,12,12,12,12,12,12,12,12,11,12,12,12,12,12,12,12,12,12,12,12,12,11,11,11,11,11,12,12,12,12,12,12,11,11,11,11,11,11,11,11,11,13,12,12,11,11,12,11,12,12,12,12,12,12,12,12,12,12,12,12,12,12,12,12,12,12,12,12,12,12,12,12,12,12,12,12,12,12,12,12
11,11,11,12,12,12,12,12,12,11,11,12,12,12,12,12,12,12,12,12,12,12,11,12,11,12,12,12,12,12,12,12,12,12,12,12,12,12,12,12,12,12,12,12,12,12,12,12,12,12,12,11,11,11,11,11,12,11,12,12,12,12,12,12,11,11,11,11,11,11,12,12,12,12,12,11,12,12,12,12,12,12,12,12,12,12,12,12,12,12,12,12,12,12,12,12,12,12,12,12,12,12,12,12,12,12,12,12,12,12
12,12,12,12,12,12,12,12,12,12,12,12,12,12,12,12,12,12,12,11,12,12,12,12,12,12,12,12,12,12,12,12,12,12,12,12,12,12,12,12,12,12,12,12,12,12,12,12,12,12,11,12,11,11,11,11,12,11,12,12,12,12,12,11,11,11,12,12,11,11,12,11,12,12,12,12,12,12,12,12,12,12,12,12,12,12,12,12,12,12,12,12,12,12,12,12,12,12,12,12,12,12,12,12,12,12,12,12,12,12
