301,301,300,300,300,300,300,299,299,299,299,299,299,299,299,299,300,299,299,299,299,299,299,299,299,301,301,300,301,301,301,300,300,300,300,300,300,300,300,300,300,300,300,301,300,301,301,299,299,300,299,299,299,300,299,299,299,299,299,301,299,299,301,301,300,300,300,301,301,300,300,299,300,300,300,301,300,300,300,300,300,300,300,300,300,300,300,300,300,300,300,300,300,300,300,300,300,300,301,301,301,301,301,301,301,301,301,301,301,301
301,301,300,300,300,300,300,299,299,299,299,299,299,299,299,299,300,299,299,299,299,299,299,299,299,299,300,301,301,301,300,300,300,300,300,300,300,300,300,300,300,300,300,300,300,299,299,299,299,299,299,300,299,299,299,299,299,299,299,299,299,299,299,299,299,299,300,300,300,300,300,300,301,300,300,300,300,300,300,300,300,300,300,300,300,300,300,300,300,300,300,300,300,300,300,300,300,300,301,301,301,301,301,301,301,301,301,301,301,301
301,301,300,300,300,300,300,300,299,299,299,299,299,299,299,299,299,299,299,299,299,299,299,299,299,301,301,301,300,301,300,300,300,300,300,300,300,300,300,300,300,300,300,300,300,300,299,299,299,299,300,299,300,299,300,299,299,299,299,299,301,299,299,299,301,299,300,299,299,299,300,300,300,300,299,299,300,300,300,300,300,300,300,300,300,300,300,300,300,300,300,300,300,300,300,300,300,300,301,301,301,301,301,300,300,300,300,300,300,300
301,301,300,300,300,300,300,300,300,299,299,299,299,299,299,299,299,299,299,299,299,299,299,299,300,300,300,300,300,300,300,300,300,300,300,300,300,300,300,300,300,300,300,300,300,300,300,299,299,299,299,299,300,300,299,299,299,299,299,299,300,299,299,299,301,299,299,299,299,299,299,299,300,300,300,300,300,300,300,300,300,300,300,300,300,300,300,300,300,300,300,300,300,301,300,300,300,301,301,301,300,301,300,300,300,300,300,300,300,300
301,301,300,300,300,300,300,300,300,299,299,299,299,299,299,301,301,299,299,299,299,299,300,299,300,300,300,300,300,300,300,300,300,300,300,300,300,300,300,300,300,300,300,300,300,300,299,300,299,299,300,300,299,299,299,299,299,299,299,299,299,301,299,299,299,299,299,299,299,299,299,300,300,300,300,300,300,300,300,300,300,300,300,300,300,300,300,300,300,300,300,300,300,300,300,300,300,300,301,301,299,300,300,300,300,300,300,300,300,300
301,301,300,300,300,300,300,300,300,299,299,299,299,299,300,299,301,299,299,299,299,299,299,299,300,300,300,300,300,300,300,300,300,300,300,300,300,300,300,300,300,300,300,300,300,300,301,299,299,299,299,299,299,299,299,299,299,299,299,299,299,301,299,299,299,299,299,299,299,299,299,299,300,300,300,300,300,300,300,300,300,300,300,300,300,300,300,300,300,300,300,300,301,300,300,300,300,300,301,301,299,300,300,300,300,300,300,300,300,300
301,301,300,300,300,300,300,300,300,299,299,299,299,299,300,299,301,299,299,299,299,300,300,300,300,300,300,300,300,300,300,300,300,300,300,300,300,300,300,300,300,300,300,300,300,300,301,299,299,299,299,300,299,299,299,299,299,299,299,299,299,301,299,299,299,299,301,301,299,299,299,299,300,299,300,300,300,300,300,300,300,300,300,300,300,300,300,300,300,300,300,300,300,300,300,300,300,300,301,301,301,300,300,300,300,300,300,300,300,300
301,301,300,300,300,300,300,300,300,299,299,299,299,299,299,299,299,300,300,300,300,300,300,300,300,300,300,300,300,300,300,300,300,300,300,300,300,300,300,300,300,300,300,300,300,300,299,299,299,299,300,299,299,299,299,299,299,299,299,299,299,301,299,299,299,300,299,299,299,299,299,299,300,300,300,300,300,300,300,300,300,300,300,300,300,300,300,300,300,300,300,300,301,301,300,300,300,300,300,300,301,301,301,301,300,300,300,300,300,300
301,301,300,300,300,300,300,300,300,299,299,299,300,300,300,300,300,300,300,300,300,300,300,300,300,300,300,300,300,300,300,300,300,300,300,300,300,300,300,300,300,300,300,300,300,300,301,299,299,299,300,300,300,299,299,299,299,299,299,299,299,299,300,299,299,301,300,299,299,299,299,299,300,300,300,300,300,300,300,300,300,300,300,300,300,300,300,300,300,300,300,300,300,300,300,300,300,300,300,301,301,300,300,300,300,300,300,300,300,300
300,301,300,300,300,300,300,300,300,300,300,300,300,300,300,300,300,300,300,300,300,300,300,300,300,300,300,300,300,300,300,300,300,300,300,300,300,300,300,300,300,300,300,300,300,300,299,299,299,299,299,300,300,299,299,299,299,299,299,299,299,300,300,299,299,299,300,299,299,299,299,300,300,300,300,300,300,300,300,300,300,300,300,300,300,300,300,300,300,300,300,300,300,301,301,300,300,300,300,301,301,299,300,300,300,300,300,300,300,300
300,301,300,300,300,300,300,300,300,300,300,300,300,300,300,300,300,300,300,300,300,300,300,300,300,300,300,300,300,300,300,300,300,300,300,300,300,300,300,300,300,300,300,300,300,300,301,300,299,299,300,300,299,299,299,299,299,299,299,299,300,300,301,299,299,299,299,299,299,299,299,299,299,300,300,300,300,300,300,300,300,300,300,300,300,300,300,300,300,300,300,300,300,301,301,300,300,300,300,300,301,301,300,300,300,300,300,300,300,300
300,300,300,300,301,299,300,300,300,300,300,300,300,300,300,300,300,300,299,301,299,300,300,300,300,300,300,300,300,300,300,300,300,300,300,300,300,300,300,300,300,300,300,300,300,300,301,299,299,300,299,300,300,299,299,299,299,299,299,299,299,300,301,299,299,301,300,299,299,299,299,299,300,300,300,300,300,300,300,300,300,300,300,300,300,300,300,300,300,300,300,300,300,300,301,301,300,300,300,300,300,301,300,300,300,300,300,300,300,300
300,300,300,300,300,300,300,300,301,301,301,301,301,300,301,299,301,300,299,299,301,299,300,300,300,300,300,300,300,300,300,300,300,300,300,300,300,300,300,300,300,300,300,300,300,300,301,299,299,299,299,300,299,300,300,299,299,299,299,299,299,301,301,300,299,301,301,301,299,299,299,300,300,300,300,300,300,300,300,300,300,300,300,300,300,300,300,300,300,300,300,300,300,300,301,301,300,300,300,301,300,301,299,300,300,300,300,300,300,300
301,301,300,300,300,300,300,300,299,301,301,299,300,300,301,299,301,299,299,299,299,299,300,300,300,300,300,300,300,300,300,300,300,300,300,300,300,300,300,300,300,300,300,300,300,300,300,299,299,300,300,300,299,300,300,299,299,299,299,299,299,301,301,301,300,301,300,301,299,299,299,300,300,300,300,300,300,300,300,300,300,300,300,300,300,300,300,300,300,300,300,300,300,300,301,301,301,300,300,301,300,301,299,300,300,300,300,300,300,300
301,301,300,300,300,300,300,300,299,299,301,300,300,299,299,299,300,300,299,299,300,299,300,300,300,300,300,300,300,300,300,300,300,300,300,300,300,300,300,300,300,300,300,300,300,300,301,299,299,299,300,300,300,300,299,299,299,299,299,299,300,301,301,301,301,301,301,299,299,299,299,299,300,300,300,300,300,300,300,300,300,300,300,300,300,300,300,300,300,300,300,300,300,300,301,301,301,300,300,301,300,299,299,300,300,300,300,300,300,300
299,301,300,300,300,300,300,300,300,299,301,300,300,299,299,299,300,300,300,300,300,299,300,300,301,300,300,300,300,300,300,300,300,300,300,300,300,300,300,300,300,300,300,300,300,300,300,299,299,299,300,300,299,299,299,299,299,299,299,299,301,301,301,301,301,301,301,301,299,299,299,300,300,300,300,300,300,300,300,300,300,300,300,300,300,300,300,300,300,300,300,300,300,300,300,300,301,301,300,300,300,300,299,300,300,300,300,300,300,300
299,299,300,300,300,300,300,300,299,299,301,300,300,299,299,300,300,300,300,300,300,300,300,299,299,300,300,300,300,300,300,300,300,300,300,300,300,300,300,300,300,300,300,300,300,300,300,300,299,299,299,299,299,299,299,299,299,299,299,299,301,301,301,301,301,301,301,301,301,299,299,299,300,300,300,300,300,300,300,300,300,300,300,300,300,300,300,300,300,300,300,300,300,300,300,300,301,301,300,300,300,300,299,300,300,300,300,300,300,300
301,301,300,300,300,300,300,300,300,300,300,300,300,300,300,300,300,300,300,300,300,300,300,299,299,301,301,300,300,300,300,300,300,300,300,300,300,300,300,300,300,300,300,300,300,300,300,299,299,299,299,300,300,299,299,299,299,299,299,300,301,301,301,301,300,301,301,301,301,300,299,299,300,300,300,300,300,300,300,300,300,300,300,300,300,300,300,300,300,300,300,300,300,300,300,300,301,301,300,300,301,300,299,299,300,300,300,300,300,300
299,299,300,300,300,300,300,300,300,300,300,300,300,300,300,300,300,300,300,300,300,300,300,300,299,301,301,300,300,300,300,300,300,300,300,300,300,300,300,300,300,300,300,300,300,300,300,301,299,299,300,300,300,300,299,299,299,299,299,301,301,301,301,300,300,300,300,300,301,301,299,300,300,300,300,300,300,300,300,300,300,300,300,300,300,300,300,300,300,300,300,300,300,300,300,300,300,301,301,299,301,301,300,299,300,300,300,300,300,300
299,301,300,300,300,300,300,300,300,300,300,300,300,300,300,300,300,300,300,300,300,300,300,300,299,299,299,301,300,300,300,300,300,300,300,300,300,300,300,300,300,300,300,300,300,300,300,300,299,299,300,300,300,299,299,299,299,299,300,301,301,301,300,300,300,300,300,300,300,300,301,300,300,300,300,300,300,300,300,300,300,300,300,300,300,300,300,300,300,300,300,300,300,300,300,300,300,300,301,301,301,300,301,299,300,300,300,300,300,300
299,300,300,300,300,300,300,300,300,300,300,300,300,300,300,300,300,300,300,300,300,300,300,300,300,300,299,299,301,300,300,300,300,300,300,300,300,300,300,300,300,300,300,300,300,300,300,301,299,299,299,299,299,299,299,299,299,299,300,301,301,300,300,300,300,300,300,300,300,300,300,300,300,300,300,300,300,300,300,300,300,300,300,300,300,300,300,300,300,300,300,300,300,300,300,300,300,300,301,299,299,300,300,300,300,300,300,300,300,300
300,299,300,300,300,300,300,300,300,300,300,300,300,300,300,300,300,300,300,300,300,300,300,300,300,300,300,299,301,300,300,300,300,300,300,300,300,300,300,300,300,300,300,300,300,300,300,301,299,299,299,299,299,299,299,299,299,299,301,301,300,300,300,300,300,300,300,300,300,300,300,300,300,300,300,300,300,300,300,300,300,300,300,300,300,300,300,300,300,300,300,300,300,300,300,300,300,300,300,301,301,300,300,300,300,300,300,300,300,300
301,301,300,300,300,300,300,300,300,300,300,300,300,300,300,300,300,300,300,300,300,300,300,300,300,300,300,299,299,301,301,300,300,300,300,300,300,300,300,300,300,300,300,300,300,300,300,301,299,299,300,300,299,299,299,299,299,299,301,301,300,300,300,300,300,300,300,300,300,300,300,301,300,300,300,300,300,300,300,300,300,300,300,300,300,300,300,300,300,300,300,300,300,300,300,300,300,301,301,301,299,300,300,300,300,300,300,300,300,300
299,299,300,300,300,300,300,300,300,300,300,300,300,300,300,300,300,300,300,300,300,300,300,300,300,300,300,300,299,299,301,300,300,300,300,300,300,300,300,300,300,300,300,300,300,300,300,301,299,299,299,299,300,299,299,299,299,300,301,300,300,300,300,300,300,300,300,300,300,300,300,299,301,300,300,300,300,300,300,300,300,300,300,300,300,300,300,300,300,300,300,300,300,300,300,300,300,300,300,301,299,300,300,300,300,300,300,300,300,300
299,299,300,300,300,300,300,300,300,300,300,300,300,300,300,300,300,300,300,300,300,300,300,300,300,300,300,300,300,299,299,301,300,300,300,300,300,300,300,300,300,300,300,300,300,300,300,301,299,299,299,300,299,299,299,299,299,299,301,300,300,300,300,300,300,300,300,300,300,300,300,299,300,301,300,300,300,300,300,300,300,300,300,300,300,300,300,300,300,300,300,300,300,300,300,300,300,300,300,301,301,300,300,300,300,300,300,300,300,300
299,300,300,300,300,300,300,300,300,300,300,300,300,300,300,300,300,300,300,300,300,300,300,300,300,300,300,300,300,300,299,299,301,300,300,300,300,300,300,300,300,300,300,300,300,300,300,299,299,299,299,300,299,299,299,299,299,301,301,300,300,300,300,300,300,300,300,300,300,300,299,299,299,300,300,300,300,300,300,300,300,300,300,300,300,300,300,300,300,300,300,300,300,300,300,300,300,301,299,300,300,300,300,300,300,300,300,300,300,300
301,300,300,300,300,300,300,300,300,300,300,300,300,300,300,300,300,300,300,300,300,300,300,300,300,300,300,300,300,300,300,299,299,300,300,300,300,300,300,300,300,300,300,300,300,300,300,299,299,299,299,300,300,299,299,299,299,301,301,300,300,300,300,300,300,300,300,300,300,299,299,299,299,301,300,300,300,300,300,300,300,300,300,300,300,300,300,300,300,300,300,300,300,300,300,301,299,300,300,300,300,300,300,300,300,300,300,300,300,300
301,300,300,300,300,300,300,300,300,300,300,300,300,300,300,300,300,300,300,300,300,300,300,300,300,300,300,300,300,300,300,300,299,299,301,300,300,300,299,299,299,299,300,300,300,300,300,299,299,299,300,300,300,300,300,299,299,299,301,300,300,300,300,300,300,300,300,300,300,299,299,299,299,301,300,300,300,300,300,300,300,300,300,300,300,300,300,300,300,300,300,300,300,300,300,299,300,300,300,300,300,300,300,300,300,300,300,300,300,300
300,300,300,300,300,300,300,300,300,300,300,300,300,300,300,300,300,300,300,300,300,300,300,300,300,300,300,300,300,300,300,300,300,300,300,300,301,299,300,299,300,299,299,299,299,300,301,300,299,299,300,300,300,300,300,299,299,299,301,300,300,300,300,300,300,300,299,300,299,299,299,299,299,299,301,300,300,300,300,300,300,300,300,300,300,300,300,300,300,300,300,300,300,300,300,300,300,300,300,300,300,300,300,300,300,300,300,300,300,300
300,300,300,300,300,300,300,300,300,300,300,300,300,300,300,300,300,300,300,300,300,300,300,300,300,300,300,300,300,300,300,300,300,300,300,300,301,301,301,301,301,301,301,301,300,300,300,301,299,299,300,300,300,300,300,299,299,299,301,300,300,300,300,300,300,299,299,299,299,299,299,299,299,299,301,300,300,300,300,300,300,300,300,300,300,300,300,300,300,300,300,300,300,299,300,301,300,300,300,300,300,300,300,300,300,300,300,300,300,300
300,300,300,300,300,300,300,300,300,300,300,300,300,300,300,300,300,300,300,300,300,300,300,300,300,300,300,300,300,300,300,300,300,300,300,300,300,301,301,301,301,301,301,301,301,301,300,300,299,300,300,300,300,300,300,299,299,299,299,300,300,300,300,300,299,299,299,299,299,299,299,299,300,299,300,300,300,300,300,300,300,300,300,300,300,300,300,300,300,300,300,299,301,300,300,300,300,300,300,300,300,300,300,300,300,300,300,300,300,300
299,300,300,300,300,299,300,300,300,300,300,300,300,300,300,300,300,300,300,300,300,300,300,300,300,300,300,300,300,300,300,300,300,300,300,300,301,299,301,301,301,301,301,301,301,301,299,300,300,299,301,300,300,300,300,300,300,299,299,299,300,299,299,299,299,299,299,299,299,299,299,299,300,299,300,300,300,300,300,300,300,300,300,300,300,300,300,300,299,300,300,301,300,301,300,300,300,300,300,300,300,300,300,300,300,300,300,300,300,300
300,301,300,300,300,300,300,300,300,300,300,300,300,300,300,300,300,300,300,300,300,300,300,300,300,300,300,300,300,300,300,300,300,301,301,300,299,299,300,301,301,301,301,301,301,300,299,299,299,299,299,301,301,300,300,300,300,300,299,299,300,300,300,299,299,299,299,299,299,299,299,300,300,300,300,301,299,300,300,300,300,300,300,300,300,300,300,299,299,300,301,301,301,300,300,300,300,300,300,300,300,300,300,300,300,300,300,300,300,300
300,300,300,300,300,300,300,300,300,300,300,300,300,300,300,300,300,300,300,300,300,300,300,300,300,300,300,300,300,300,300,300,299,301,300,300,300,299,299,299,300,300,301,301,301,300,299,299,299,299,299,300,301,301,300,300,300,300,300,299,300,300,300,301,301,301,301,301,299,299,299,300,300,300,300,301,299,300,300,300,300,300,300,300,300,299,299,301,301,301,301,300,300,300,300,300,300,300,300,300,300,300,300,300,300,300,300,300,300,300
300,300,300,300,300,300,300,300,300,300,300,300,300,300,300,300,300,300,300,300,300,300,300,300,300,300,300,300,300,300,300,299,301,301,300,300,300,300,299,299,299,299,300,300,301,301,299,299,300,299,300,299,299,300,300,300,300,299,300,299,300,300,300,300,301,301,301,301,301,301,299,301,301,301,300,301,301,301,301,301,300,300,299,299,299,301,301,301,300,300,300,300,300,300,300,300,300,300,300,300,300,300,300,300,300,300,300,300,300,300
299,299,299,300,300,300,300,300,300,300,300,300,300,300,300,300,300,300,300,300,300,300,300,300,300,300,300,300,300,300,299,299,301,300,300,300,300,300,300,300,299,299,299,299,301,299,300,299,300,299,299,300,299,301,300,300,300,299,299,299,300,300,300,300,300,300,301,300,300,300,299,301,301,301,300,300,300,300,301,301,300,301,301,301,301,301,300,300,300,300,300,300,300,300,300,300,300,300,300,300,300,300,300,300,300,300,300,300,300,300
300,300,300,300,300,300,300,300,300,300,300,300,300,300,300,300,300,300,300,300,300,300,300,300,300,300,300,300,300,300,300,299,301,301,300,300,300,300,300,300,300,300,299,299,299,300,298,301,299,300,300,299,299,300,299,299,299,299,299,299,300,300,300,300,300,300,300,300,300,300,299,299,301,301,300,300,300,300,300,300,300,300,300,301,300,301,301,301,300,300,300,300,300,300,300,300,300,300,300,300,300,300,300,300,300,300,300,300,300,300
301,300,300,300,300,300,300,300,300,300,300,300,300,300,300,300,300,300,300,300,300,300,300,300,300,300,300,300,300,300,299,301,301,301,300,300,300,300,300,300,300,300,300,299,299,300,300,301,300,299,299,300,300,300,300,301,300,299,299,299,299,299,300,300,300,300,300,300,300,300,299,299,299,301,300,300,300,300,300,300,300,300,300,300,300,300,300,300,300,300,300,300,300,300,300,300,300,300,300,300,300,300,300,300,300,300,300,300,300,300
300,300,300,300,300,300,300,300,300,300,300,300,300,300,300,299,300,300,299,299,299,300,300,299,301,301,300,300,300,300,300,299,299,299,301,300,300,300,300,300,300,300,300,300,299,300,300,300,300,299,300,300,300,300,300,301,301,299,299,299,299,299,299,300,300,300,300,300,300,300,299,299,299,299,300,300,300,300,300,300,300,300,300,300,300,300,300,300,300,300,300,300,300,300,300,300,300,300,300,300,300,300,300,300,300,300,300,300,300,300
300,300,300,300,300,300,300,300,300,300,300,300,299,300,299,299,299,299,300,301,301,300,300,300,300,300,300,301,300,300,300,300,300,299,299,301,300,300,300,300,300,300,300,300,299,301,300,300,300,299,299,300,301,301,300,301,301,301,300,299,299,299,301,300,299,300,300,299,299,299,300,299,299,299,300,300,300,300,300,300,300,300,300,300,300,300,301,300,300,300,300,300,300,300,300,300,300,300,300,300,300,300,300,300,300,300,300,300,300,300
300,300,300,300,300,300,300,300,300,300,300,299,299,299,299,299,299,299,301,301,300,300,300,300,300,300,300,300,300,300,300,300,300,300,300,299,299,300,300,300,300,300,300,300,299,300,300,300,300,300,300,301,301,300,300,301,301,301,300,300,301,301,300,300,300,300,300,299,299,299,300,299,299,300,301,299,299,299,300,300,300,300,300,300,300,300,300,300,300,300,300,300,300,300,300,300,300,300,300,300,300,300,300,300,300,300,300,300,300,300
300,300,300,300,300,300,300,300,300,300,300,300,300,299,299,299,299,300,301,301,300,300,300,300,300,300,300,300,300,300,300,300,300,300,300,300,300,300,300,300,300,300,300,300,299,300,300,300,300,300,300,300,300,301,301,301,300,301,299,301,301,300,300,300,300,300,300,301,300,299,300,300,300,300,301,301,299,299,299,299,300,300,300,301,301,301,300,301,300,300,300,300,300,300,300,300,300,300,300,300,300,300,300,300,300,300,300,300,300,300
300,300,300,300,300,300,300,300,300,300,300,300,300,299,299,299,299,301,301,301,300,300,300,300,300,300,300,300,300,300,300,300,300,300,300,300,300,300,300,300,300,300,300,299,299,301,300,300,300,300,300,300,301,301,301,301,299,300,299,299,301,300,300,300,300,300,300,300,300,299,300,300,300,300,300,301,301,300,299,299,301,301,301,300,301,301,301,301,301,300,300,300,300,300,300,300,300,300,300,300,300,300,299,300,300,300,300,300,299,300
300,300,300,300,300,300,300,300,300,300,300,300,300,299,299,299,299,300,301,301,300,300,300,300,300,300,300,301,300,300,300,300,300,300,300,300,300,300,300,300,300,300,300,299,299,301,300,300,300,301,300,300,300,301,301,300,299,299,299,299,299,300,300,300,300,300,300,300,299,299,300,300,300,300,300,301,301,301,301,300,300,299,299,299,299,299,301,301,300,300,300,300,299,300,299,299,299,299,299,299,299,299,299,299,300,299,300,299,300,300
300,300,300,300,300,300,300,300,300,300,300,300,300,299,299,299,299,299,301,301,300,300,300,300,300,300,300,300,299,300,300,300,300,300,300,300,300,300,299,300,300,300,300,299,300,301,301,300,300,301,300,300,300,300,301,299,299,299,299,299,299,301,300,300,300,300,300,300,301,300,300,300,300,300,300,301,300,300,300,300,300,300,300,300,300,300,300,300,300,299,301,299,299,299,299,299,299,299,299,299,299,299,299,299,300,299,299,299,299,299
300,300,300,300,300,300,300,300,300,300,300,300,300,300,300,299,299,299,299,301,301,301,300,300,300,300,300,300,299,300,300,300,300,300,300,300,300,300,301,300,300,300,300,299,301,301,301,301,301,300,299,300,300,300,301,299,299,299,299,299,299,299,300,300,300,300,300,300,301,300,300,300,300,300,300,300,300,300,300,300,300,300,300,300,300,300,300,300,300,301,301,300,299,299,299,299,299,299,299,299,299,299,299,299,299,299,299,299,300,299
300,300,300,300,300,300,300,300,300,300,300,300,300,300,300,300,299,299,299,299,301,301,301,300,300,300,300,300,299,300,300,300,300,300,300,300,300,300,300,300,300,300,300,299,300,301,300,300,301,299,300,300,300,300,301,299,299,299,299,299,300,299,301,300,300,300,300,301,299,300,300,300,300,300,300,300,300,300,300,300,300,300,300,300,300,300,300,300,300,301,301,301,300,301,299,299,299,299,299,299,299,299,299,299,299,299,299,299,299,299
300,300,300,300,300,300,300,300,300,300,300,300,300,300,300,300,300,299,299,299,299,300,301,301,300,300,300,300,300,300,300,300,300,300,300,300,300,300,300,300,300,300,300,300,300,300,300,300,301,299,300,300,300,300,301,299,299,299,299,300,300,299,301,300,300,300,300,301,299,299,300,300,300,300,300,300,300,300,300,300,300,300,300,300,300,300,300,300,300,301,301,301,301,301,299,299,299,299,299,299,299,299,299,299,299,299,299,299,299,299
300,300,300,300,300,300,300,300,300,300,300,300,300,300,300,300,300,300,299,299,299,299,300,301,301,300,300,300,300,300,300,300,300,300,300,300,300,301,300,300,300,301,301,299,299,300,300,300,301,299,300,300,300,300,301,299,299,299,300,300,300,299,299,300,300,301,301,300,299,299,300,300,300,300,300,300,300,299,299,299,300,300,300,300,300,300,300,300,300,301,301,301,301,301,301,301,299,299,299,299,299,299,299,299,299,299,299,299,299,299
300,300,300,300,300,300,300,300,300,300,300,300,300,300,300,300,300,300,300,300,299,299,299,301,301,301,300,300,300,300,300,299,300,300,300,301,301,301,301,301,301,301,299,299,299,300,300,299,299,300,300,300,300,300,301,299,299,299,300,300,300,300,300,300,300,301,301,300,299,299,299,300,300,300,300,299,299,299,299,299,299,300,300,300,300,300,300,300,300,301,301,301,301,301,301,300,299,299,299,299,299,299,299,299,299,299,299,299,299,299
300,300,300,300,300,300,300,300,300,300,300,300,300,300,300,300,300,300,300,300,300,299,299,299,301,301,300,300,300,300,300,300,300,300,300,300,300,300,301,301,301,299,299,299,299,299,299,299,299,300,300,300,300,300,301,299,299,299,300,299,300,299,301,300,300,300,301,299,299,299,299,299,299,299,299,299,301,301,300,299,299,299,300,300,300,300,300,300,301,301,301,301,301,301,301,300,299,299,299,299,299,299,299,299,299,299,300,300,300,300
300,300,300,300,300,300,300,300,300,300,300,300,300,300,300,300,300,300,300,300,300,300,300,299,299,301,300,300,300,300,300,300,300,300,300,300,300,301,301,301,299,299,299,299,299,299,299,299,299,301,300,300,300,301,301,299,299,299,300,300,300,300,300,300,300,300,301,299,299,299,299,299,299,299,301,301,301,301,301,301,300,299,299,300,300,300,300,300,301,301,301,301,301,301,301,301,300,301,299,299,299,299,299,299,299,300,299,299,299,300
300,300,300,300,300,300,300,300,300,300,300,300,300,300,300,300,300,300,300,300,300,300,300,299,299,301,300,300,300,300,300,300,300,300,300,300,301,301,301,299,299,299,299,299,299,299,299,299,299,301,301,300,300,301,300,299,299,299,300,300,301,299,300,300,300,300,300,299,299,299,299,299,299,299,301,301,301,301,301,301,301,301,299,300,300,300,300,301,301,301,301,301,301,301,301,300,299,299,299,299,299,299,299,299,299,300,299,300,300,299
300,300,300,300,300,300,300,300,300,300,300,300,300,300,300,300,300,300,300,300,300,300,300,300,299,299,300,300,300,300,300,300,300,300,300,301,301,301,300,299,299,299,299,299,299,299,299,299,299,301,301,300,301,301,299,299,299,299,300,300,299,299,299,299,300,300,300,299,299,299,299,299,299,301,301,301,301,301,301,301,301,301,301,299,300,300,301,301,301,301,301,301,301,301,301,300,300,299,299,299,299,299,299,299,299,300,299,299,299,300
300,300,300,300,300,300,300,300,300,300,300,300,300,300,300,300,300,300,300,300,300,300,300,300,299,299,300,300,300,300,300,300,300,300,300,301,301,299,299,299,299,299,299,299,299,299,299,299,300,301,300,301,301,301,299,299,299,300,300,299,299,299,299,299,299,299,300,300,299,299,299,299,299,299,301,301,301,301,301,300,300,300,300,300,300,299,300,301,301,301,301,301,301,301,301,299,301,301,301,300,299,300,300,299,299,300,300,300,300,300
300,300,300,300,300,300,300,300,300,300,300,300,300,300,300,300,300,300,300,300,300,300,300,300,299,301,300,300,300,300,300,300,300,300,301,301,299,299,299,299,299,299,299,299,299,299,299,301,301,300,300,300,301,299,299,299,299,300,300,299,299,299,299,299,299,299,299,298,299,300,299,299,299,299,301,301,301,301,300,300,300,300,300,300,300,300,299,301,301,301,301,301,300,301,300,300,300,301,300,299,300,301,300,300,300,299,300,301,300,300
300,300,300,300,300,300,300,300,300,300,300,300,300,300,300,300,300,300,300,300,300,300,300,299,299,301,300,300,300,300,300,300,300,300,299,299,299,299,299,299,299,299,299,299,299,299,300,299,299,300,300,300,299,299,300,299,300,300,300,299,299,299,299,299,299,299,299,299,299,300,300,300,299,299,299,300,301,301,300,300,300,300,300,300,300,300,300,299,301,301,300,300,300,300,300,300,300,300,299,300,300,300,300,299,300,300,300,301,301,300
300,300,300,300,300,300,300,300,300,300,300,300,300,300,300,300,300,300,300,300,300,300,299,299,300,300,300,300,300,300,300,299,299,300,299,299,299,299,299,299,299,299,300,301,300,299,300,300,299,299,299,299,300,300,300,300,300,300,300,299,299,299,299,299,299,299,299,299,299,301,300,300,300,299,299,299,301,301,300,300,300,300,300,300,300,300,300,300,300,299,300,300,300,300,300,300,300,300,299,300,300,299,299,299,299,299,299,299,301,301
300,300,300,300,300,300,300,300,300,300,300,300,300,300,300,300,300,300,300,300,300,299,299,300,301,300,300,300,300,300,300,299,300,300,300,300,300,300,299,299,299,301,300,300,300,300,300,299,299,299,299,301,301,300,300,300,301,301,299,299,299,299,299,299,299,299,299,299,299,301,300,300,300,300,299,299,300,301,300,300,300,300,300,300,300,300,300,299,299,299,299,299,300,300,300,300,299,299,299,299,299,299,299,299,301,300,300,300,299,299
300,300,300,300,300,300,300,300,300,300,300,300,300,300,300,300,300,300,300,299,299,299,299,301,300,300,300,300,300,300,300,299,300,300,300,300,300,300,299,299,301,300,300,300,300,300,300,299,299,301,301,301,300,300,300,300,300,299,299,299,299,299,299,299,299,299,299,299,299,299,300,300,300,300,300,300,299,301,300,300,300,300,300,300,300,300,300,301,300,299,300,299,299,299,299,299,299,299,299,299,299,299,299,299,299,299,299,301,301,301
300,300,300,300,300,300,300,300,300,300,300,300,300,300,300,300,300,299,299,299,299,300,301,300,300,300,300,300,300,300,299,301,300,300,300,300,300,300,300,299,301,300,300,300,300,300,300,299,299,301,299,301,301,300,299,300,301,299,300,300,299,299,299,299,299,299,299,299,299,299,301,300,300,300,300,300,299,299,300,300,300,300,300,300,300,300,301,299,299,299,299,299,299,299,299,299,299,299,299,299,299,299,299,299,299,299,299,299,299,300
300,300,300,300,300,300,300,300,300,300,300,300,300,300,299,299,299,299,299,299,301,301,300,300,300,300,300,300,300,300,300,300,300,300,300,300,300,300,300,301,300,300,300,300,300,300,300,300,300,300,300,300,300,298,300,299,301,300,299,301,300,299,299,299,299,299,299,299,299,299,301,300,300,300,300,300,300,300,300,300,300,300,300,300,300,301,299,299,299,299,299,299,299,299,299,299,299,299,299,299,299,299,299,299,299,299,300,299,299,299
300,300,300,300,300,300,300,300,300,300,300,300,300,300,300,299,299,299,299,301,301,300,300,300,300,300,300,300,300,300,300,300,300,300,300,300,300,300,300,299,300,300,300,300,300,300,299,299,299,299,299,299,299,301,300,301,301,299,300,300,301,301,300,299,299,299,299,299,299,299,301,301,300,300,300,300,300,301,299,300,300,300,300,300,301,300,299,299,299,299,299,299,299,299,299,299,299,299,299,299,299,299,299,299,299,299,299,299,299,299
300,300,300,300,300,300,300,300,300,300,300,300,300,300,299,299,299,299,299,301,300,300,300,300,300,300,300,300,300,300,300,300,300,300,300,300,300,300,300,307,300,300,300,300,301,301,299,299,299,299,299,299,299,301,301,301,301,301,299,300,300,301,301,301,299,299,299,299,299,299,299,301,300,300,300,300,301,300,299,299,300,300,300,300,299,299,299,299,300,299,300,300,299,300,299,299,299,300,299,299,299,299,299,299,299,299,299,300,299,299
300,300,300,300,300,300,300,300,300,300,299,299,299,299,299,299,299,299,301,301,300,300,300,300,300,300,300,300,300,300,300,300,300,299,300,300,300,300,300,300,300,300,299,299,299,299,299,299,299,299,299,299,301,301,301,301,301,300,299,300,300,300,300,301,301,299,299,299,299,299,299,299,301,300,300,301,301,301,299,299,300,300,300,300,299,299,299,299,300,299,300,300,300,300,300,299,300,299,299,299,299,299,299,299,299,299,299,299,299,300
300,300,300,300,300,300,300,300,300,300,300,300,300,299,300,299,299,299,299,300,300,300,300,300,300,300,300,300,300,300,300,300,300,300,301,301,299,300,300,299,300,300,299,300,299,299,299,299,299,299,300,300,301,301,301,301,301,299,299,299,300,300,300,300,301,299,299,299,300,300,300,299,300,301,301,301,301,301,299,299,299,300,300,299,299,299,299,300,300,300,300,300,300,300,300,300,300,299,300,300,300,299,299,299,299,299,299,299,299,300
300,300,300,300,300,300,300,300,300,300,300,300,300,300,300,299,299,299,299,301,300,300,300,300,300,300,300,300,300,300,300,300,300,300,300,300,300,299,299,299,299,299,299,299,300,300,299,299,299,299,299,301,301,301,301,301,301,300,299,299,300,300,300,301,300,301,300,300,300,300,300,300,301,301,301,301,299,299,299,299,299,300,300,301,299,300,299,300,300,300,300,300,300,300,300,300,300,300,300,300,300,300,300,299,299,299,300,299,299,299
300,300,300,300,300,300,300,300,300,300,300,300,300,300,300,300,300,300,300,300,299,299,299,299,300,299,300,300,300,300,300,300,300,300,300,300,300,300,299,299,299,299,299,299,299,300,299,299,299,299,299,300,301,301,301,301,301,299,299,299,300,300,300,300,301,301,299,301,301,301,301,299,299,301,299,301,299,300,299,299,300,300,300,301,299,299,300,300,300,300,300,300,300,300,300,300,300,300,300,300,300,300,300,299,300,299,299,299,299,299
300,300,300,300,300,300,300,300,300,300,300,300,300,300,300,300,300,300,300,300,300,301,301,299,299,299,299,300,299,300,300,300,300,300,300,300,300,300,299,299,299,299,299,299,299,299,300,300,300,300,300,301,301,300,301,300,301,300,300,299,299,300,301,301,300,300,300,301,301,301,301,301,300,300,299,299,299,299,299,299,300,300,301,301,299,299,300,300,300,300,300,300,300,300,300,300,300,300,300,300,300,300,299,299,299,299,300,299,299,299
300,300,300,300,300,300,300,300,300,300,300,300,300,300,300,300,300,300,300,300,300,300,300,301,301,299,299,299,299,299,299,299,300,300,299,299,299,299,299,299,299,299,299,299,299,299,299,300,300,300,299,299,300,300,299,300,300,300,299,301,301,301,299,299,301,300,300,301,301,301,301,300,300,299,299,300,301,299,299,299,300,301,301,301,299,299,299,299,299,300,300,300,300,300,300,300,300,300,300,300,300,300,299,300,300,300,299,300,299,300
300,300,300,300,300,300,300,300,300,300,300,300,300,300,300,300,300,300,300,300,300,300,300,300,300,301,301,301,300,299,299,299,299,299,299,299,299,299,299,299,299,299,299,299,299,299,299,300,300,299,299,299,299,299,299,299,299,301,301,301,300,300,299,299,299,300,300,300,301,301,301,301,299,301,301,299,301,299,299,300,300,300,301,301,300,299,299,299,299,299,300,300,300,300,300,300,300,300,300,300,300,300,300,300,300,300,300,300,299,300
300,300,300,300,300,300,300,300,300,300,300,300,300,300,300,300,300,300,300,300,300,300,300,300,300,300,301,301,301,301,299,299,299,299,299,299,299,299,299,299,299,299,299,299,299,299,299,299,300,299,299,299,299,299,299,299,299,300,301,301,300,299,299,299,299,300,300,301,301,301,301,300,299,300,301,301,300,299,299,300,300,301,301,301,301,301,300,300,299,299,299,299,300,300,300,300,300,300,300,300,300,300,300,300,300,300,300,299,301,299
300,300,300,300,300,300,300,300,300,300,300,300,300,300,300,300,300,300,300,300,300,300,300,300,300,300,300,300,300,300,301,301,299,299,299,299,299,299,299,299,299,299,299,299,299,299,299,299,300,300,300,299,299,299,299,299,299,299,301,301,300,300,299,299,299,299,300,300,301,301,301,301,300,299,299,300,301,301,301,299,301,301,301,301,301,301,301,301,301,301,299,301,298,301,300,301,301,299,301,301,301,301,300,299,300,299,299,299,300,301
300,300,300,300,300,300,300,300,300,300,300,300,300,300,300,300,300,300,300,300,300,300,300,300,300,300,300,300,300,300,301,301,301,301,300,300,300,299,299,299,299,299,299,299,299,299,299,299,300,300,300,299,299,299,299,299,299,299,301,301,300,299,299,299,299,301,300,300,301,301,301,300,300,300,299,301,300,301,300,299,299,300,301,301,301,301,301,300,300,300,300,300,300,300,300,300,300,300,300,299,300,300,300,299,301,300,300,300,300,299
301,300,300,300,300,300,300,300,300,300,300,300,300,300,300,300,300,300,300,300,300,300,300,300,300,300,300,300,300,300,300,301,301,301,301,301,301,301,301,301,299,299,299,299,299,299,299,301,301,300,300,300,299,299,299,299,299,299,299,301,301,299,301,300,301,301,301,301,300,301,300,300,300,300,299,301,300,300,300,299,299,300,301,301,301,301,300,300,300,300,300,300,300,300,300,300,300,300,300,300,300,300,300,300,299,299,299,301,300,300
301,300,300,300,300,300,300,300,300,300,300,300,300,300,300,300,300,300,300,300,300,300,300,300,300,300,300,300,300,300,300,300,301,301,301,301,301,301,301,301,301,301,300,300,299,299,300,301,300,300,300,300,299,299,299,299,299,299,301,301,301,300,300,301,301,300,300,300,301,300,300,300,300,300,299,299,300,300,300,300,299,299,299,301,301,301,301,300,300,300,300,300,300,300,300,300,300,300,299,300,300,300,300,300,299,299,300,300,300,300
300,300,300,300,300,300,300,300,300,300,300,300,300,300,300,300,300,300,300,300,300,300,300,300,300,300,300,300,300,300,300,300,301,301,301,301,301,301,301,301,301,301,301,300,301,301,300,300,300,300,300,300,299,299,299,299,299,300,300,299,299,299,300,300,300,300,300,300,301,300,300,300,300,300,300,299,300,300,300,299,299,299,299,299,301,301,300,300,300,300,300,300,300,300,300,300,300,300,300,300,300,300,300,300,300,300,300,299,299,299
300,300,300,300,300,300,300,300,300,300,300,300,300,300,300,300,300,300,300,300,300,300,300,300,300,300,300,300,300,300,300,300,301,301,301,301,301,301,301,301,301,301,301,301,301,300,300,300,300,300,300,300,299,299,301,301,301,301,301,300,299,300,300,300,300,300,300,300,300,300,300,300,300,300,300,300,300,300,300,300,299,299,299,299,301,301,301,301,300,300,300,300,300,300,300,300,300,300,300,300,300,300,300,300,300,300,300,299,299,300
300,300,300,300,300,300,300,300,300,300,300,300,300,300,300,300,300,300,300,300,300,300,300,300,300,300,300,300,300,300,300,300,300,301,301,301,301,301,301,301,301,301,301,301,300,300,300,300,300,300,300,300,299,301,301,301,301,301,301,301,299,300,300,300,300,300,300,300,300,300,300,300,300,300,300,300,300,300,300,300,299,299,299,299,301,301,301,301,300,300,300,300,300,300,300,300,300,300,300,300,300,300,300,300,300,300,301,300,300,299
300,300,300,300,300,300,300,300,300,300,300,300,300,300,300,300,300,300,300,300,300,300,300,300,300,300,300,300,300,300,300,300,301,301,301,301,301,301,301,301,301,301,301,301,301,300,300,300,301,301,301,301,300,300,300,300,300,301,301,301,299,299,300,300,300,300,300,300,300,300,300,300,300,300,300,300,301,300,300,300,300,299,299,299,299,301,301,300,300,300,300,300,300,300,300,300,300,300,300,300,300,300,300,300,300,299,301,301,299,299
300,300,300,300,300,300,300,300,300,300,300,300,300,300,300,300,300,300,300,300,300,300,300,300,300,300,300,300,300,300,300,300,301,301,301,300,301,301,301,301,301,301,301,301,301,300,300,301,300,300,301,300,300,300,300,300,300,300,300,301,300,299,300,300,300,300,300,300,300,300,300,300,300,300,300,300,301,300,300,300,300,300,300,299,299,299,301,301,300,300,300,300,300,300,300,300,300,300,300,300,300,300,300,300,300,300,301,301,301,300
300,300,300,300,300,300,300,300,300,300,300,300,300,300,300,300,300,300,300,300,300,300,300,300,300,300,300,300,300,300,300,301,299,299,299,300,299,299,299,299,299,300,301,301,300,300,300,300,300,301,301,301,299,300,300,300,300,300,300,301,301,299,300,300,300,300,300,300,300,300,300,300,300,300,300,300,301,300,300,300,300,300,300,299,299,299,301,301,301,300,300,300,300,300,300,300,300,300,300,300,300,300,300,300,300,300,300,301,301,301
300,300,300,300,300,300,300,300,300,300,300,300,300,300,300,300,300,300,300,300,300,300,300,300,299,299,299,299,299,299,301,300,299,299,299,299,299,299,299,299,299,299,300,301,300,300,300,300,300,300,300,301,300,299,300,300,300,300,300,300,300,300,299,300,300,300,301,300,300,300,300,300,300,300,300,300,301,300,300,300,300,300,300,300,299,299,299,300,301,300,300,300,300,300,300,300,300,300,300,300,300,300,300,300,300,300,300,301,300,300
300,300,300,300,300,300,300,300,300,300,300,300,300,300,300,300,300,300,300,300,300,300,299,299,299,299,299,299,301,301,300,300,300,300,300,299,300,299,299,299,299,299,301,301,300,300,300,300,300,300,300,300,301,301,299,300,300,300,300,300,300,300,300,300,300,300,300,300,300,300,300,300,300,300,300,299,300,300,300,300,300,300,300,300,300,299,299,299,301,300,300,300,300,300,300,300,300,300,300,300,300,300,300,300,300,300,300,300,300,300
300,300,300,300,300,300,300,300,300,300,300,300,300,300,300,300,300,300,299,299,299,299,299,299,299,299,299,299,301,300,300,300,300,300,300,300,300,300,300,299,299,299,299,301,300,300,300,300,300,300,300,300,300,301,301,299,299,300,300,300,300,300,300,300,300,300,300,300,300,300,300,300,300,300,300,299,301,300,300,300,300,300,300,300,300,300,299,299,301,301,301,300,300,300,300,300,300,300,300,300,300,300,300,300,300,300,300,300,300,300
300,300,300,300,300,300,300,300,300,300,300,300,300,300,300,300,299,299,299,299,299,299,299,299,299,300,301,301,301,300,300,300,300,300,300,300,300,300,300,300,300,299,301,300,300,300,300,300,300,300,300,300,300,300,300,301,300,299,299,300,300,300,300,300,300,300,300,300,300,300,300,300,300,300,299,299,301,300,300,300,300,300,300,300,300,299,299,299,301,301,301,301,300,300,300,300,300,300,300,300,300,300,300,301,300,300,300,300,300,300
300,300,300,300,300,300,300,300,300,300,300,300,300,300,300,299,299,299,299,299,299,299,299,299,300,301,301,301,300,300,300,300,300,300,300,300,300,300,300,300,300,299,300,300,300,300,300,300,300,300,300,300,300,300,300,300,301,301,299,300,300,300,300,300,300,300,300,300,300,300,300,300,300,300,300,301,300,300,300,300,300,300,300,300,300,300,300,299,299,299,299,301,300,300,300,300,300,300,300,300,300,300,300,300,300,300,300,300,300,300
300,300,300,300,300,300,300,300,300,300,300,300,300,299,299,299,299,299,299,299,299,301,300,301,301,301,301,300,300,300,300,300,300,300,300,300,300,300,300,300,300,301,300,300,300,300,300,300,300,300,300,300,300,300,300,300,300,300,301,299,300,300,300,300,300,300,300,300,300,300,300,300,300,300,300,301,300,300,300,300,300,300,300,300,300,300,300,300,299,299,299,299,301,300,300,300,300,300,300,300,301,300,300,300,300,300,300,300,300,300
300,300,300,300,300,300,300,300,300,300,299,299,299,299,299,299,299,299,299,299,299,300,301,301,301,301,300,300,300,300,300,300,300,300,300,300,300,300,300,300,300,300,300,300,300,300,300,300,300,300,300,300,300,300,300,300,300,300,300,299,299,300,300,300,300,300,300,300,300,300,300,300,300,300,300,300,300,300,300,300,300,300,300,300,300,300,300,300,300,299,299,301,301,300,300,300,300,300,300,300,301,300,300,300,300,300,300,300,300,300
300,300,300,300,300,300,300,300,300,300,300,299,299,299,299,299,299,299,299,299,301,301,301,301,301,300,300,300,300,300,300,300,300,300,300,300,300,300,300,300,300,300,300,300,300,300,300,300,300,300,300,300,300,300,300,300,300,300,300,301,299,299,300,300,300,300,300,300,300,300,300,300,300,300,300,301,300,300,300,300,300,300,300,300,300,300,300,300,300,299,300,299,299,300,300,300,300,300,300,299,299,299,300,300,300,300,300,300,300,300
300,300,300,300,300,300,300,300,300,300,300,299,299,299,299,299,299,299,299,300,301,301,301,301,301,301,300,300,300,300,300,300,300,300,300,300,300,300,300,300,300,300,300,300,300,300,300,300,300,300,300,300,300,300,300,300,300,300,300,300,299,299,300,300,300,300,300,300,300,300,300,300,300,300,299,301,300,300,300,300,300,300,300,300,300,300,300,300,300,300,300,300,299,299,301,300,300,300,299,299,300,300,300,300,300,300,300,300,300,300
300,300,300,300,300,300,300,300,300,300,299,300,299,299,299,299,299,299,301,301,301,301,301,301,301,300,300,300,300,300,300,300,300,300,300,300,300,300,300,300,301,300,300,300,300,300,300,300,300,300,300,300,300,300,300,300,300,300,300,300,301,299,299,300,300,300,300,300,300,300,300,300,300,300,299,299,300,300,300,300,300,300,300,300,300,300,300,300,300,300,300,300,299,299,299,300,300,300,299,301,301,300,300,300,300,300,300,300,300,301
300,300,300,300,300,300,300,300,299,299,299,299,299,299,300,300,301,300,301,301,301,301,301,300,301,300,300,300,300,300,300,300,300,300,300,300,300,300,300,301,300,300,300,300,300,300,300,300,300,300,300,300,300,300,300,300,300,300,300,300,301,299,299,300,300,300,300,300,300,300,300,300,300,300,300,299,300,300,300,300,300,300,300,300,300,300,300,300,300,300,300,300,300,301,300,299,301,299,301,301,301,300,300,300,300,300,300,300,300,300
300,300,300,300,300,300,300,299,299,299,299,299,299,299,299,300,300,301,301,301,301,301,301,300,300,300,300,300,300,300,300,300,300,300,300,300,300,300,300,301,299,300,300,300,300,300,300,300,300,300,300,300,300,300,300,300,300,300,300,300,301,301,299,300,300,300,300,300,300,300,300,300,300,299,300,299,300,300,300,300,300,300,300,300,300,300,300,300,300,300,300,300,300,299,299,299,300,299,301,301,300,300,300,300,300,300,300,300,300,300
300,300,300,300,300,300,300,300,299,299,299,299,299,299,299,301,301,301,301,301,301,301,300,300,300,300,300,300,300,300,300,300,300,300,300,300,300,300,301,299,299,300,300,300,300,300,300,300,300,300,300,300,300,300,300,300,300,300,300,300,300,301,299,299,300,300,300,300,300,300,300,300,300,300,299,299,301,300,300,300,300,300,300,300,300,300,300,300,300,300,300,300,300,300,301,300,300,299,299,300,301,301,301,300,300,300,300,300,300,300
300,300,300,300,300,300,300,300,299,299,299,299,299,299,299,299,301,301,301,300,301,301,300,300,300,300,300,300,300,300,300,300,300,300,300,300,300,300,301,299,299,300,300,300,300,300,300,300,300,300,300,300,300,300,300,300,300,300,300,300,300,301,299,299,300,300,300,300,300,300,300,300,300,300,300,299,301,300,300,300,300,300,300,300,300,300,300,300,300,300,300,300,300,300,299,299,299,299,301,301,301,301,301,300,300,300,300,300,300,300
300,300,300,300,300,300,300,300,299,299,299,299,299,299,300,300,300,301,301,301,300,300,300,300,300,300,300,300,300,300,300,300,300,300,300,300,300,300,301,299,299,300,300,300,300,300,300,300,300,300,300,300,300,300,300,300,300,300,300,300,300,301,299,299,300,300,300,300,300,300,300,300,300,299,299,299,301,300,300,300,300,300,300,300,300,300,300,300,300,300,300,300,300,299,299,299,300,299,300,301,301,301,301,300,300,300,300,300,300,300
300,300,300,300,300,300,300,300,299,299,299,299,299,299,301,301,300,301,301,301,301,300,300,300,300,300,300,300,300,300,300,300,300,300,300,300,300,301,299,299,299,300,300,300,300,300,300,300,300,300,300,300,300,300,300,300,300,300,300,300,300,300,300,299,300,300,300,300,300,300,300,300,300,300,300,299,301,300,300,300,300,300,300,300,300,300,300,300,300,300,300,300,300,300,300,299,300,299,299,301,301,301,301,300,300,300,300,300,300,301
300,300,300,300,300,300,300,300,299,300,299,299,299,299,299,301,301,301,301,301,301,300,300,300,300,300,300,300,300,300,300,300,300,300,300,300,300,301,299,299,300,300,300,300,300,300,300,300,300,300,300,300,300,300,300,300,300,300,300,300,300,300,301,299,299,300,300,300,300,300,300,300,300,300,300,299,299,300,300,300,300,300,300,300,300,300,300,300,300,300,300,300,300,300,300,300,300,299,301,301,301,301,301,300,301,301,301,301,300,301
300,300,300,300,300,300,300,300,300,300,299,299,299,299,300,301,301,301,300,301,300,300,300,300,300,300,300,300,300,300,300,300,300,300,300,300,300,301,299,299,300,300,300,300,300,300,300,300,300,300,300,300,300,300,300,300,300,300,300,300,300,300,301,299,299,299,300,300,300,300,300,300,300,299,299,299,299,300,300,300,300,300,300,300,300,300,300,300,300,300,300,300,300,300,300,300,300,300,300,299,300,299,299,301,301,301,301,301,300,300
300,300,300,300,300,300,300,300,300,301,301,300,299,300,301,301,301,301,301,301,300,301,300,300,300,300,300,300,300,300,300,300,300,300,300,300,301,299,299,299,300,300,300,300,300,300,300,300,300,300,300,300,300,300,300,300,300,300,300,300,300,300,301,299,299,299,300,300,300,300,300,300,299,300,301,299,301,300,300,300,300,300,300,300,300,300,300,300,300,300,300,300,300,300,300,300,300,300,300,299,299,299,299,299,301,299,299,300,300,301
300,300,300,300,300,300,300,300,300,300,301,299,299,299,301,301,301,301,301,301,301,300,300,300,300,300,300,300,300,300,300,300,300,300,300,300,301,299,299,299,300,300,300,300,300,300,300,300,300,300,300,300,300,300,300,300,300,300,300,300,300,300,301,299,299,299,299,300,300,300,300,299,300,299,301,299,299,300,300,300,300,300,300,300,300,300,300,300,300,300,300,300,300,300,300,300,300,300,300,299,299,300,300,300,300,300,300,300,300,300
300,300,300,300,300,300,300,300,300,300,301,301,300,301,301,301,301,301,301,301,300,300,300,300,300,300,300,300,300,300,300,300,300,300,301,301,301,299,299,300,300,300,300,300,300,300,300,300,300,300,300,300,300,300,300,300,300,300,300,300,300,300,301,301,299,299,299,300,300,300,300,300,300,300,299,299,299,300,300,300,300,300,300,300,300,300,300,300,300,300,300,300,300,300,300,300,300,300,300,300,300,300,300,300,300,300,300,300,300,300
300,300,300,300,300,300,300,299,299,301,301,300,300,301,301,301,301,301,301,301,301,300,300,300,300,300,300,300,300,300,300,300,300,300,301,301,301,299,299,300,300,300,300,300,300,300,300,300,300,300,300,300,300,300,300,300,300,300,300,300,300,300,300,301,299,299,299,300,300,300,300,300,299,299,299,299,299,300,300,300,300,300,300,300,300,300,300,300,300,300,300,300,300,300,299,300,301,300,300,300,300,300,300,300,300,300,300,300,300,300
300,300,300,300,300,300,300,300,300,300,301,301,301,301,301,301,301,301,301,301,301,301,300,300,300,300,300,300,300,300,300,300,300,300,301,301,299,299,300,300,300,300,300,300,300,300,300,300,300,300,300,300,300,300,300,300,300,300,300,300,300,300,300,300,301,299,299,300,299,300,299,300,300,300,299,299,299,300,300,300,300,300,300,300,300,300,300,300,300,300,299,299,299,301,300,300,300,300,300,300,300,300,300,300,300,300,300,300,300,300
300,300,300,300,300,300,300,300,300,300,300,301,301,301,301,301,301,301,301,301,301,301,300,300,300,300,300,300,300,300,300,300,300,300,301,301,299,299,299,300,300,300,300,300,300,300,300,300,300,300,300,300,300,300,300,300,300,300,300,300,300,300,300,301,299,299,299,299,300,299,300,299,299,299,299,299,299,300,300,300,300,300,300,300,300,299,300,300,300,299,299,299,299,299,300,300,300,300,300,300,300,300,300,300,300,300,300,300,300,301
300,300,300,300,300,300,300,300,300,300,300,301,301,301,301,301,301,301,301,301,301,301,301,300,300,300,300,300,300,300,300,300,300,300,301,301,299,299,300,300,300,300,300,300,300,300,300,300,300,300,300,300,300,300,300,300,300,300,300,300,300,300,300,300,301,299,299,299,299,299,300,299,300,299,299,299,299,300,300,300,300,300,300,300,300,299,299,300,299,299,299,299,299,299,300,300,301,301,301,301,300,300,301,300,300,300,300,300,300,301
300,300,300,300,300,300,300,300,300,300,301,301,301,301,301,301,301,301,300,301,301,301,301,300,300,300,300,300,300,300,300,300,300,300,300,300,299,299,299,300,300,300,300,300,300,300,300,300,300,300,300,300,300,300,300,300,300,300,300,300,300,300,300,300,301,299,299,299,300,300,300,299,299,299,299,300,300,300,300,300,300,300,301,300,300,300,300,300,300,299,299,299,299,299,300,301,301,301,301,301,300,300,301,301,300,300,300,300,300,301
300,300,300,300,300,300,300,300,300,299,299,301,301,301,301,301,301,301,301,300,301,301,301,300,300,300,300,300,300,300,300,300,300,300,300,300,300,299,299,300,299,300,300,300,300,300,300,300,300,300,300,300,300,300,300,300,300,300,300,300,300,300,300,300,301,300,299,299,300,299,299,299,299,299,300,300,300,300,300,300,300,300,300,300,300,300,300,299,300,299,300,299,299,299,300,301,301,301,301,301,300,300,301,301,300,300,300,300,300,301
301,301,301,301,301,301,301,301,301,301,301,301,301,301,301,301,301,301,301,300,301,301,301,301,300,300,300,300,300,300,300,300,300,300,300,301,301,301,299,300,300,300,300,300,300,300,300,300,300,300,300,300,300,300,300,300,300,300,300,300,300,300,300,300,301,299,300,301,300,300,300,300,300,300,300,300,300,300,300,300,300,300,300,300,300,300,300,299,299,299,299,299,300,299,301,301,301,301,301,300,300,300,300,300,300,300,300,300,300,301
