11,11,12,12,12,11,11,11,11,11,11,11,12,12,12,12,12,12,12,12,12,12,12,12,12,12,12,12,12,12,12,12,12,12,12,12,12,12,12,12,12,12,12,12,12,12,12,11,11,11,12,11,11,12,12,12,12,12,12,12,12,12,11,11,11,11,11,11,11,11,11,11,12,12,11,11,12,12,12,12,12,12,12,11,12,12,12,12,12,11,12,11,11,11,11,11,12,12,11,12,12,12,12,12,12,12,12,11,11,11
11,11,12,12,12,12,11,11,11,11,11,11,12,12,12,12,12,12,12,12,12,12,12,12,12,12,12,12,12,12,12,12,12,12,12,12,12,12,12,12,12,12,12,12,12,12,12,12,12,12,12,12,11,12,12,12,12,12,12,12,12,12,12,12,12,12,11,11,11,11,11,11,12,12,11,11,12,12,11,11,12,12,12,12,11,12,12,12,11,11,12,11,11,11,11,12,12,12,11,12,12,12,12,12,12,12,12,11,11,11
11,11,13,12,12,12,11,11,11,11,11,11,11,12,12,12,12,12,12,12,12,12,12,12,12,12,12,12,12,12,12,12,12,12,12,12,12,12,12,12,12,12,12,12,12,12,12,12,12,11,12,11,12,12,12,12,12,12,12,12,12,12,12,12,12,12,12,12,12,12,11,11,12,12,11,11,12,12,12,11,11,12,12,12,11,12,11,12,11,11,11,11,11,11,11,11,11,11,11,11,12,12,12,12,12,12,12,12,12,12
12,11,12,12,12,12,12,11,11,11,11,11,11,11,12,12,12,12,12,12,12,12,12,12,12,12,12,12,12,12,12,12,12,12,12,12,12,12,12,12,12,12,12,12,12,12,12,12,11,11,12,12,12,12,12,12,12,12,12,12,12,12,12,12,12,12,12,12,12,12,12,12,12,12,12,12,12,12,12,11,11,12,11,12,11,12,12,12,12,12,12,12,11,11,11,11,11,11,11,11,12,12,12,12,12,12,12,12,12,12
12,11,12,12,12,12,12,11,11,11,11,11,11,11,12,12,12,12,12,12,12,12,12,12,12,12,12,12,12,12,12,12,12,12,12,12,12,12,12,12,12,12,12,12,12,12,12,11,12,11,11,12,11,12,12,12,12,12,12,12,12,12,12,12,12,12,12,12,12,12,12,12,12,12,12,12,12,12,12,12,12,12,12,12,12,12,12,12,12,11,11,11,11,11,11,12,12,12,12,11,12,12,12,12,12,12,12,12,12,12
12,12,12,13,12,12,12,11,11,11,11,11,11,12,12,12,12,12,12,12,12,12,12,12,12,12,12,12,12,12,12,12,12,12,12,12,12,12,12,12,12,12,12,12,12,12,12,12,11,11,11,12,11,12,12,12,12,12,12,12,12,12,12,12,12,12,12,12,12,12,12,12,12,12,12,12,12,12,12,12,12,12,12,11,12,12,12,12,11,11,11,11,11,11,11,12,12,12,12,11,12,12,12,12,12,12,12,12,12,12
12,12,12,13,12,12,12,11,11,11,11,11,11,12,12,12,12,12,12,12,12,12,12,12,12,12,12,12,12,12,12,12,12,12,12,12,12,12,12,12,12,12,12,12,12,12,12,12,11,12,11,12,11,12,12,12,12,12,12,12,12,12,12,12,12,12,12,12,12,12,12,12,12,12,12,12,12,12,12,12,12,12,12,12,12,12,12,11,12,12,11,11,11,11,11,11,11,11,12,11,11,12,12,12,12,12,12,12,12,12
12,12,12,12,13,12,12,11,11,12,11,11,11,11,11,12,12,12,12,12,12,12,12,12,12,12,12,12,12,12,12,12,12,12,12,12,12,12,12,12,12,12,12,12,12,12,12,11,12,12,11,12,11,12,12,12,12,12,12,12,12,12,12,12,12,12,12,12,12,12,12,12,12,12,12,12,12,12,12,12,12,12,12,12,12,11,12,12,12,12,11,11,12,11,11,11,11,12,12,12,11,12,12,12,12,12,12,12,12,12
12,12,12,12,12,12,12,12,11,12,11,11,12,12,12,11,12,12,12,12,12,12,12,12,12,12,12,12,12,12,12,12,12,12,12,12,12,12,12,12,12,12,12,12,12,12,12,12,12,11,11,11,11,11,12,12,12,12,12,12,12,12,12,12,12,12,12,12,12,12,12,12,12,12,12,12,12,12,12,12,12,12,12,12,12,12,12,12,11,12,12,11,11,11,11,11,12,12,12,12,12,12,12,12,12,12,12,12,12,12
13,12,12,12,12,13,12,11,11,11,13,12,11,11,11,12,12,12,12,12,12,12,12,12,12,12,12,12,12,12,12,12,12,12,12,12,12,12,12,12,12,12,12,12,12,12,12,12,11,12,11,11,11,11,12,12,12,12,12,12,12,12,12,12,12,12,12,12,12,12,12,12,12,12,12,12,12,12,12,12,12,12,12,12,12,12,12,12,11,12,12,11,12,12,12,12,12,12,12,12,12,12,12,12,12,12,12,12,12,12
13,13,12,12,12,11,12,12,12,12,12,12,11,11,11,11,11,12,12,12,12,12,12,12,12,12,12,12,12,12,12,12,12,12,12,12,12,12,12,12,12,12,12,12,12,12,12,12,11,11,11,11,11,11,12,12,12,12,12,12,12,12,12,12,12,12,12,12,12,12,12,12,12,12,12,12,12,12,12,12,12,12,12,12,12,12,12,12,11,12,11,11,12,12,12,11,12,12,12,12,11,12,12,12,12,12,12,12,12,12
11,11,11,11,11,12,12,12,13,12,12,13,11,11,11,11,11,12,12,12,12,12,12,12,12,12,12,12,12,12,12,12,12,12,12,12,12,12,12,12,12,12,12,12,12,12,12,12,12,11,11,11,11,11,11,12,12,12,12,12,12,11,12,12,12,12,12,12,12,12,12,12,12,12,12,12,12,12,12,12,12,12,12,12,11,12,11,11,11,11,11,12,11,11,12,11,12,12,12,12,12,12,12,12,12,12,12,12,12,12
11,11,11,11,12,12,12,12,12,12,12,12,12,12,11,11,11,12,12,12,12,12,12,12,12,12,12,12,12,12,12,12,12,12,12,12,12,12,12,12,12,12,12,12,12,12,12,12,12,11,11,12,12,11,11,12,11,11,12,11,12,11,12,12,12,12,12,12,12,12,12,12,12,12,12,12,12,12,12,12,12,12,12,12,12,12,12,12,12,11,11,11,12,12,12,12,12,12,12,12,12,12,12,12,12,12,12,12,11,12
11,11,11,11,11,11,11,12,12,12,12,12,12,12,12,12,11,11,12,12,12,12,12,12,12,12,12,12,12,12,12,12,12,12,12,12,12,12,12,12,12,12,12,12,12,12,12,12,12,11,12,12,12,11,11,11,11,11,11,11,11,11,12,12,12,12,12,12,12,12,12,12,12,12,12,12,12,12,12,12,12,12,12,12,12,12,11,11,11,11,12,12,11,11,12,12,12,12,12,12,12,12,12,12,12,12,12,12,11,12
11,11,11,11,11,11,11,11,11,12,12,12,12,12,12,12,12,11,11,12,12,12,12,12,12,12,12,12,12,12,12,12,12,12,12,12,12,12,12,12,12,12,12,12,12,12,12,12,11,11,11,11,12,12,11,11,11,11,11,12,11,11,12,12,12,12,12,12,12,12,12,12,12,12,12,12,12,12,12,12,12,12,12,12,11,12,12,12,12,11,12,11,12,12,12,13,12,12,13,12,12,12,12,11,12,12,11,11,11,11
11,11,11,11,11,11,11,11,11,12,12,11,12,12,12,13,11,11,11,12,12,12,12,12,12,12,12,12,12,12,12,12,12,12,12,12,12,12,12,12,12,12,12,12,12,12,12,12,12,11,11,12,11,12,11,11,11,11,12,11,11,12,11,12,12,12,12,12,12,12,12,12,12,12,12,12,12,12,12,12,12,12,12,12,11,11,11,11,11,12,11,11,11,12,11,12,13,11,13,12,12,12,12,11,11,12,11,11,11,11
11,11,11,11,11,11,12,11,12,12,12,12,12,12,12,12,12,12,11,11,11,12,12,12,12,12,12,12,12,12,12,12,12,12,12,12,12,12,12,12,12,12,12,12,12,12,12,12,12,11,11,11,12,13,12,12,12,12,12,12,11,13,11,12,12,12,12,12,12,12,12,12,12,12,12,12,12,12,12,12,12,12,12,12,11,11,12,12,11,11,11,11,11,12,12,12,13,11,13,13,12,12,12,11,12,11,11,11,11,11
11,11,11,11,11,11,12,11,11,11,11,11,12,12,13,12,12,12,11,11,11,11,12,12,12,12,12,12,12,12,12,12,12,12,12,12,12,12,12,12,12,12,12,12,12,12,12,12,11,11,11,11,12,11,13,12,12,12,12,12,11,11,12,12,12,11,12,12,12,12,12,12,12,12,12,12,12,12,12,12,12,12,12,12,12,11,11,11,11,11,11,12,12,12,12,11,12,12,12,12,12,13,12,12,12,11,11,11,11,11
11,11,11,11,11,11,11,11,11,11,11,11,11,11,12,12,12,13,12,11,11,12,12,12,12,12,12,12,12,12,12,12,12,12,12,12,12,12,12,12,12,12,12,12,12,12,12,12,12,11,11,11,11,11,12,11,12,12,11,11,11,12,12,12,12,11,12,12,12,12,12,12,12,12,12,12,12,12,12,12,12,12,12,11,11,11,11,11,11,11,11,12,11,12,12,11,11,12,13,12,12,13,12,13,12,11,11,11,11,11
11,11,11,11,11,11,11,11,11,11,11,11,11,12,12,12,12,12,12,11,12,11,12,12,12,12,12,12,12,12,12,12,12,12,12,12,12,12,12,12,12,12,12,12,12,12,12,12,12,11,11,11,11,12,12,12,12,12,11,11,11,12,12,12,11,12,11,11,12,12,12,12,12,12,12,12,12,12,12,12,12,12,11,11,11,11,11,11,11,11,12,11,12,11,12,12,11,11,12,12,12,12,12,12,11,11,11,11,11,11
11,11,11,11,11,11,11,11,11,11,11,11,11,11,11,12,12,12,12,12,12,11,11,12,12,12,12,12,12,12,12,12,12,12,12,12,12,12,12,12,12,12,12,12,12,12,12,12,12,11,11,11,11,11,12,11,11,11,11,11,12,12,12,12,11,11,12,11,11,11,11,12,12,12,12,12,12,12,12,12,12,12,11,11,11,11,12,12,12,12,12,11,11,12,12,11,12,11,12,13,12,12,12,12,13,12,12,11,11,11
11,11,11,11,11,11,11,11,11,11,11,11,11,11,11,12,11,12,12,12,12,12,11,11,12,12,12,12,12,12,12,12,12,12,12,12,12,12,12,12,12,12,12,12,12,12,12,12,12,11,11,11,11,11,11,11,11,11,11,11,12,12,12,12,11,11,12,12,11,11,11,11,12,12,12,12,12,12,12,12,12,12,11,11,11,11,11,11,12,11,12,12,12,12,12,11,11,12,11,13,12,12,12,12,12,12,12,12,12,11
11,11,11,11,11,11,11,11,11,11,11,11,11,11,11,11,11,12,11,12,12,12,12,11,12,12,12,12,12,12,12,12,12,12,12,12,12,12,12,11,12,12,12,12,12,12,12,12,12,12,11,11,11,11,11,11,11,11,11,12,12,12,12,12,11,11,12,12,11,11,11,11,11,12,12,12,12,12,12,12,12,11,11,11,12,12,12,12,12,12,12,12,12,12,11,12,12,11,12,12,12,12,12,12,12,11,12,12,12,12
11,11,11,11,11,11,11,11,11,11,11,11,11,11,11,11,11,11,11,12,12,12,13,11,11,12,12,12,12,12,12,12,12,12,12,12,12,11,11,12,11,11,12,12,12,12,12,12,12,12,11,11,11,11,11,11,11,11,11,11,12,12,12,12,11,11,12,12,12,11,11,11,11,11,11,11,12,12,12,12,11,11,11,12,12,12,12,12,11,12,12,11,12,11,12,11,12,12,11,11,12,12,12,12,12,11,12,11,12,12
11,11,11,11,11,11,11,11,11,11,11,11,11,11,11,11,11,11,11,11,11,12,12,12,11,11,12,12,12,12,12,12,12,12,12,12,11,12,11,11,11,11,12,11,12,12,12,12,12,12,12,11,11,11,11,11,11,11,11,12,12,12,12,12,11,11,12,12,12,11,11,11,11,11,11,11,12,12,12,11,11,11,12,12,12,12,12,12,12,12,12,11,11,11,12,12,11,11,11,12,11,11,12,12,11,11,11,11,11,11
11,11,11,11,11,11,11,11,11,11,11,11,11,11,11,11,11,11,11,11,11,11,11,12,12,11,12,12,12,12,12,12,12,12,12,12,12,12,12,12,12,12,12,11,12,12,12,12,12,12,12,12,11,11,11,11,11,11,11,12,12,12,12,11,11,12,12,12,12,11,11,11,11,11,11,11,11,11,12,11,12,12,12,12,13,12,12,12,12,12,12,11,11,12,12,11,12,12,11,11,12,11,11,12,11,11,11,11,11,11
11,11,11,11,11,11,11,11,11,11,11,11,11,11,11,11,11,11,11,11,11,11,11,11,12,12,11,12,12,12,12,12,12,11,13,12,12,12,12,12,12,12,12,12,12,12,12,12,12,12,12,12,12,12,11,11,11,11,11,12,12,12,12,12,11,12,12,12,12,11,11,11,11,11,11,11,11,11,12,12,12,12,13,12,12,12,13,12,12,11,12,11,11,12,12,12,11,11,11,11,12,12,12,12,12,12,11,11,11,11
11,11,11,11,11,11,11,11,11,11,11,11,11,11,11,11,11,11,11,11,11,11,11,11,11,12,12,12,12,12,12,12,12,11,12,12,12,12,12,12,12,12,12,12,12,12,12,12,12,12,12,12,12,12,12,11,11,11,11,12,12,12,12,11,11,12,12,12,12,11,11,11,11,11,11,11,12,12,11,11,11,12,12,12,12,13,13,12,12,11,11,12,12,11,11,11,11,12,11,12,12,12,12,12,12,12,11,12,11,11
11,11,11,11,11,11,11,11,11,11,11,11,11,11,11,11,11,11,11,11,11,11,11,11,11,11,11,11,12,12,12,11,11,12,12,12,12,12,12,12,12,12,12,12,12,12,12,12,12,12,12,12,12,12,12,12,12,11,11,11,12,12,11,12,12,12,12,11,11,11,11,11,11,11,12,12,11,11,11,12,11,11,12,12,12,12,12,11,11,12,12,12,11,11,11,11,11,12,12,12,12,12,12,12,11,11,11,11,11,11
11,11,11,11,11,11,11,11,11,11,11,11,11,11,11,11,11,11,11,11,11,11,11,11,11,11,11,11,11,12,11,11,12,11,12,12,12,12,12,12,12,12,12,12,12,12,12,12,12,12,12,12,11,11,11,12,11,12,12,11,11,11,12,12,11,11,11,11,11,11,11,11,11,12,12,12,12,11,11,11,11,11,12,12,12,12,12,12,11,11,12,12,11,11,11,11,11,12,12,12,12,12,12,12,11,11,11,11,11,11
11,11,11,11,11,11,11,11,11,11,11,11,11,11,11,11,11,11,11,11,11,11,11,11,11,11,11,12,11,13,11,11,14,11,12,12,12,12,12,12,12,12,12,12,12,12,12,11,11,12,11,11,11,12,12,12,11,11,12,12,12,11,11,11,11,11,11,11,11,11,11,11,11,12,12,12,11,12,12,11,11,11,12,12,12,12,11,11,12,12,12,12,11,11,11,11,11,12,12,12,12,12,12,12,12,11,11,11,11,11
11,11,11,11,11,11,11,11,11,11,11,11,11,11,11,11,11,11,11,11,11,11,11,11,11,11,12,12,12,12,13,11,12,12,12,12,12,12,12,12,12,12,12,12,12,12,12,11,11,11,11,12,12,12,12,11,11,12,11,11,12,12,12,11,11,12,11,11,11,11,11,11,11,11,11,12,11,12,12,11,11,12,12,13,12,12,11,11,12,12,12,11,11,11,12,11,12,11,12,12,12,12,12,12,12,11,11,11,11,11
11,11,11,11,11,11,11,11,11,11,11,11,11,11,11,11,11,11,11,11,11,11,11,11,11,12,12,12,12,12,12,11,11,12,12,12,12,12,12,12,12,12,12,12,12,12,12,12,11,11,11,12,13,12,11,11,11,11,11,12,12,12,12,12,12,12,12,12,11,11,11,11,11,12,13,11,12,12,12,11,11,12,12,12,11,11,11,12,12,11,11,11,11,11,11,11,12,12,12,12,12,12,12,12,12,12,11,11,11,11
11,11,11,11,11,11,11,11,11,11,11,11,11,11,11,11,11,11,11,11,11,11,11,11,11,12,12,12,12,12,12,11,12,12,12,11,11,12,12,12,12,12,12,12,12,12,12,11,12,12,13,12,12,12,11,11,11,11,11,12,11,11,12,12,12,12,12,12,12,12,12,11,11,12,11,11,12,12,12,11,12,12,12,12,11,11,12,12,12,11,11,11,11,11,12,12,12,12,12,12,12,12,12,12,12,12,12,11,12,11
12,11,11,11,11,11,11,11,11,11,11,11,11,11,11,11,11,11,11,11,11,11,11,11,11,12,12,12,12,12,12,11,12,11,12,12,11,11,11,11,12,12,12,12,12,12,11,12,12,11,12,12,12,12,11,11,11,11,11,11,11,12,12,11,12,12,12,12,12,12,12,12,11,12,12,12,12,12,12,11,12,12,12,12,11,12,12,12,11,11,11,11,11,11,11,12,12,12,12,12,12,12,12,12,12,12,12,11,11,12
11,12,12,12,11,11,11,11,11,11,11,11,11,11,11,11,11,11,11,11,11,11,11,12,12,12,12,12,12,12,12,12,11,11,12,12,12,12,12,11,11,11,12,12,12,11,12,12,12,12,12,12,12,12,12,11,11,11,11,11,11,11,11,12,12,12,12,12,12,12,12,12,12,11,12,12,12,12,12,11,11,12,12,11,12,12,12,12,11,11,11,11,12,12,12,12,12,12,12,12,12,12,12,12,12,12,12,12,12,11
12,12,12,12,11,11,11,11,11,11,11,11,11,11,11,11,11,11,11,11,11,11,11,12,12,12,12,12,12,12,12,12,11,12,12,12,11,11,11,12,11,11,11,11,12,13,12,12,11,11,12,12,12,12,12,12,12,12,12,12,12,12,11,11,11,12,12,12,11,11,11,12,12,12,12,12,12,12,12,12,12,11,12,12,12,12,12,11,11,11,11,11,12,12,12,12,12,12,12,12,12,12,12,12,12,12,12,12,13,11
12,12,12,12,12,12,11,11,11,11,11,11,11,11,11,11,11,11,11,11,11,11,11,12,12,12,12,12,12,12,12,12,11,12,12,12,12,12,11,11,11,11,12,12,12,11,12,12,11,12,11,12,12,13,12,13,13,12,12,12,12,11,12,13,12,12,12,11,12,12,13,11,11,12,12,12,12,12,12,12,11,12,11,12,12,12,11,11,11,11,11,12,12,12,12,12,12,12,12,12,12,12,12,12,12,12,12,12,12,12
12,12,12,12,12,12,12,12,12,11,11,11,11,11,11,11,11,11,11,11,11,11,11,11,12,12,12,12,12,12,12,12,11,11,12,12,12,12,12,12,12,12,12,12,12,11,12,12,11,11,11,11,11,12,11,11,12,11,11,11,11,11,11,11,11,12,13,12,12,12,11,11,11,12,12,12,12,12,12,12,12,12,14,12,12,11,11,11,11,12,11,12,12,12,12,12,12,12,12,12,12,12,12,12,12,12,12,13,12,12
11,11,12,12,12,12,13,12,12,12,12,12,11,11,11,11,11,11,11,11,11,11,12,12,12,12,12,12,12,12,12,11,12,11,12,12,12,12,12,12,12,12,12,12,11,11,12,12,12,12,12,12,11,11,11,11,11,11,11,11,11,11,11,11,11,12,12,11,12,11,11,11,11,12,12,12,12,12,12,12,12,12,13,11,11,11,11,11,11,12,12,12,12,12,12,12,12,12,12,12,12,12,12,12,12,12,12,13,12,12
11,11,12,11,11,12,12,12,12,12,12,12,12,11,11,11,11,11,11,11,11,12,12,12,12,12,12,12,12,12,12,12,12,11,11,11,12,12,12,12,12,12,12,11,11,12,12,12,12,11,12,12,11,11,11,11,12,11,11,11,11,11,11,11,11,11,12,11,11,11,11,11,11,12,12,12,12,12,12,12,12,12,11,12,11,11,12,11,12,12,12,12,12,12,12,12,12,12,12,12,12,12,12,12,13,13,12,12,13,12
12,12,11,11,11,11,12,12,12,12,12,12,12,12,12,11,11,11,11,11,11,12,12,12,12,12,12,12,12,12,12,12,11,12,11,11,11,11,11,12,12,12,11,11,12,12,12,12,11,11,12,11,11,11,11,12,11,11,11,11,11,11,11,11,11,11,12,11,11,11,11,11,11,12,12,12,12,12,12,12,12,12,11,12,12,12,11,11,12,12,12,12,12,12,12,12,12,12,12,12,12,12,13,12,13,13,12,12,13,13
11,11,11,11,11,11,11,11,12,12,12,12,12,13,12,12,11,11,11,11,11,11,12,12,12,12,12,12,11,12,11,12,12,12,11,12,11,12,12,11,11,12,12,12,12,12,12,12,12,11,12,11,11,11,11,11,11,11,11,11,11,12,12,12,12,12,12,11,12,11,12,11,11,11,12,12,12,12,12,12,12,12,12,11,12,12,12,12,12,12,12,12,12,12,12,12,12,12,12,12,12,12,12,13,12,13,12,12,12,12
11,11,11,11,11,11,11,11,12,11,11,11,11,11,11,12,11,12,12,12,12,12,12,12,12,12,11,11,11,11,11,12,11,11,11,12,12,12,11,11,11,12,12,12,12,12,12,12,12,11,12,11,12,12,11,11,12,12,11,11,11,12,11,11,11,11,12,11,12,12,11,12,11,11,12,12,12,12,12,12,12,12,12,12,12,12,12,12,12,12,12,12,12,12,12,12,12,12,12,12,12,12,13,12,13,13,13,13,13,12
11,11,11,12,12,12,12,12,12,12,12,12,12,11,12,12,12,12,12,12,13,11,11,11,13,12,12,12,11,11,12,12,11,11,12,12,12,12,11,11,12,12,12,12,12,12,12,12,11,11,12,12,12,12,12,13,13,11,12,12,12,12,12,12,12,11,12,11,11,12,12,12,12,11,11,12,12,12,12,12,12,11,12,12,12,12,11,12,12,12,12,12,12,12,12,12,12,12,12,13,13,13,12,12,12,13,12,12,13,13
12,12,12,12,11,12,12,12,12,12,12,12,12,12,12,12,12,12,13,12,12,12,12,13,12,12,12,12,12,12,12,12,12,12,11,13,11,12,11,11,12,12,12,12,12,12,12,11,11,12,13,12,12,12,12,12,11,12,12,12,12,12,12,12,12,12,12,12,11,12,12,12,12,12,11,12,12,12,12,12,12,12,12,11,11,11,12,12,11,12,12,12,12,12,12,12,12,13,12,13,12,12,12,12,12,12,12,12,13,13
11,12,12,12,11,12,11,11,11,11,12,12,12,12,12,12,12,12,12,12,12,12,12,12,12,12,11,12,12,12,12,12,12,12,12,11,12,12,11,11,12,12,12,12,12,12,12,12,11,12,13,12,12,12,12,13,11,12,12,12,12,12,12,12,12,12,12,11,11,11,12,12,12,12,12,11,11,12,12,12,11,11,12,11,11,11,11,11,11,12,12,12,12,12,12,12,12,12,12,12,12,12,12,12,12,13,12,13,12,12
11,12,11,11,11,11,11,11,12,11,11,11,12,12,12,12,12,12,12,12,11,12,12,12,12,13,11,12,12,12,12,12,12,12,12,11,11,12,11,11,11,12,12,12,12,12,12,11,12,12,12,12,12,12,12,12,12,12,12,11,11,11,11,12,12,12,12,11,11,12,12,12,12,11,11,11,11,12,11,12,11,12,11,12,12,12,12,11,11,11,11,12,12,12,12,13,13,12,12,12,12,13,12,12,12,13,12,12,12,12
11,11,11,11,11,11,11,11,11,11,11,11,11,11,11,12,12,12,11,11,12,11,11,12,12,12,12,11,12,12,12,12,12,12,12,12,12,11,13,12,12,11,11,11,11,12,12,12,12,12,12,12,12,12,12,12,12,11,12,12,12,12,12,12,11,12,12,12,12,12,12,13,12,12,12,12,13,12,11,11,11,12,12,12,12,12,12,12,11,11,11,12,12,12,12,12,12,12,12,13,12,12,12,13,12,12,12,12,12,12
11,11,11,11,11,11,11,11,11,11,11,11,11,11,12,11,11,12,11,12,11,11,11,11,11,11,12,12,11,12,12,12,12,12,12,12,12,12,11,12,11,11,11,11,11,12,11,12,11,13,12,12,12,12,12,12,11,12,11,12,12,12,12,11,12,12,12,11,12,11,12,13,12,12,12,12,12,12,12,11,11,12,12,12,12,12,12,12,12,11,11,12,12,13,12,12,12,12,12,12,12,13,12,12,12,12,12,12,12,12
11,11,11,11,11,11,11,11,11,12,11,11,12,12,11,12,11,11,12,12,12,11,11,11,11,11,11,12,12,12,12,12,12,12,12,12,12,12,12,11,11,11,11,11,11,12,12,11,12,12,11,12,13,12,12,11,11,12,11,11,11,11,11,11,12,12,12,11,11,12,12,12,12,12,12,12,11,12,11,11,12,12,12,12,12,12,12,12,12,12,11,11,12,13,12,12,12,12,12,12,12,12,12,12,12,12,12,12,12,13
11,11,11,11,11,11,11,11,11,11,11,11,12,13,12,11,11,12,12,12,12,12,12,11,11,11,11,12,12,12,11,12,12,12,12,12,12,12,12,11,11,11,11,11,11,12,11,13,11,11,11,12,13,12,12,11,12,12,12,11,11,11,11,12,12,12,12,11,11,11,12,12,12,12,12,12,11,12,11,11,12,12,12,12,12,12,12,12,12,12,12,11,12,12,12,12,12,12,12,12,12,12,12,12,12,12,11,12,12,12
11,11,11,11,11,11,11,11,11,12,12,12,12,12,12,12,11,11,12,12,12,12,12,12,11,11,11,11,12,12,11,12,12,12,12,12,12,11,11,11,11,11,11,11,12,11,11,11,12,11,11,11,12,13,12,11,12,12,12,11,11,11,11,12,12,12,12,11,11,11,11,12,12,12,12,12,12,11,11,11,11,12,12,12,12,12,12,12,12,12,11,11,11,12,11,11,11,12,12,11,12,11,11,11,11,12,12,11,12,12
11,11,11,11,11,11,12,12,12,12,12,12,12,12,12,12,11,11,11,12,12,12,12,12,11,11,11,11,12,12,12,11,12,12,12,12,11,11,11,13,12,12,11,11,11,11,11,11,11,12,11,11,11,12,12,11,12,12,12,11,11,12,12,12,12,11,12,11,11,11,11,11,11,12,12,12,12,11,11,11,11,12,12,12,12,12,12,12,11,12,13,12,11,11,11,11,11,11,11,11,11,11,11,11,11,12,12,11,11,11
11,11,11,11,12,12,12,11,12,12,12,12,12,12,12,12,11,11,11,12,12,12,12,12,12,11,11,11,12,13,12,12,11,12,12,12,11,12,11,11,12,12,12,11,11,12,11,11,11,12,12,11,11,11,12,11,12,12,11,11,12,12,11,11,11,11,11,12,12,12,11,11,11,11,11,12,11,11,11,11,11,12,12,12,12,12,11,11,11,12,11,12,12,11,12,11,11,11,11,11,11,11,11,12,11,11,11,11,11,11
11,11,11,11,11,11,11,11,12,12,12,12,12,12,12,12,12,11,11,11,12,12,12,12,12,11,11,11,12,12,12,12,11,12,12,12,12,12,12,11,12,13,12,12,11,12,11,11,11,12,12,12,12,11,11,12,12,11,11,12,11,11,12,12,12,12,11,12,13,12,12,11,11,11,11,11,11,11,11,11,11,12,12,12,11,11,11,12,12,12,11,12,12,12,12,12,11,11,11,11,11,11,11,11,11,12,12,12,12,11
11,11,11,11,11,11,11,12,11,12,12,12,12,12,13,12,12,12,11,11,11,12,12,12,12,11,11,11,12,12,12,11,12,12,12,12,12,12,12,11,11,12,12,12,11,12,12,12,11,12,12,12,12,12,12,11,11,11,12,12,11,11,12,12,12,12,11,11,12,12,12,11,11,11,12,12,12,11,11,11,11,11,12,12,11,12,13,12,12,11,11,12,12,12,12,12,12,11,11,11,11,11,11,11,11,11,11,11,11,11
11,11,11,11,11,11,11,11,11,12,12,12,12,12,12,12,12,12,11,11,11,12,12,12,12,11,12,12,13,12,11,12,11,13,11,11,12,12,12,11,11,12,12,11,11,12,11,12,11,11,12,12,12,12,11,12,12,12,13,11,11,12,12,12,11,11,11,11,12,12,12,11,11,11,12,12,12,12,12,11,11,12,11,12,12,12,12,11,11,11,11,12,12,12,12,12,12,12,12,11,11,11,11,11,11,11,11,11,11,11
11,11,11,11,12,12,12,11,12,12,12,12,12,12,12,12,12,12,12,12,11,11,12,12,12,11,12,12,11,11,12,12,11,12,12,11,12,12,12,11,11,12,12,11,12,11,11,12,11,11,12,12,12,12,11,12,11,11,11,11,11,11,11,11,11,11,11,11,12,12,12,11,12,12,12,12,12,11,12,12,11,12,12,12,12,11,12,11,11,11,12,12,12,12,12,12,12,12,12,11,11,11,11,11,11,11,11,11,11,11
11,11,11,11,11,11,11,11,11,11,11,12,12,12,12,12,12,12,12,12,12,11,11,12,11,13,12,11,12,12,11,11,12,12,12,11,11,12,12,11,11,12,11,12,12,11,11,12,12,11,12,12,12,11,12,11,11,12,12,11,12,11,11,11,11,11,11,12,12,12,11,11,12,12,12,12,12,12,11,11,12,12,12,12,12,11,11,11,11,11,12,12,12,12,12,12,12,12,12,11,11,11,11,11,11,11,11,11,11,11
11,11,11,11,11,11,11,11,11,11,11,12,11,11,12,12,12,12,12,12,12,12,11,11,12,11,12,12,12,11,11,11,12,12,12,12,11,12,12,11,12,13,11,12,12,11,11,12,12,12,11,12,12,12,11,12,12,12,12,12,11,11,12,12,12,12,13,12,12,12,12,12,12,12,12,12,12,11,11,11,12,12,12,12,11,11,11,11,11,11,12,12,12,12,12,12,12,12,12,12,11,12,12,11,11,11,11,11,11,11
11,11,11,11,11,11,11,11,11,11,11,11,11,11,11,11,11,11,11,11,11,11,12,12,11,12,12,12,11,11,11,12,12,12,12,12,11,12,12,11,12,12,12,12,12,11,11,12,12,13,12,12,12,12,12,12,12,12,12,12,11,11,12,12,12,12,12,12,11,12,12,11,11,11,12,12,11,11,12,12,12,12,11,12,12,11,11,11,11,11,12,12,12,12,12,12,12,12,12,12,11,12,11,12,12,12,12,11,12,11
11,11,11,12,12,11,12,11,11,11,11,11,11,11,11,11,11,11,11,12,12,12,12,12,12,12,11,11,11,12,12,12,12,13,12,12,12,11,12,12,11,11,12,12,11,11,12,12,12,12,13,11,11,11,11,12,11,12,12,12,12,11,11,12,12,12,12,12,11,12,11,11,11,11,12,12,11,12,12,12,12,12,12,12,11,11,11,11,12,12,12,12,12,12,12,12,12,12,12,12,12,12,12,12,11,12,12,11,12,12
11,12,12,12,11,11,11,11,12,12,12,12,12,12,12,12,12,12,12,12,12,12,11,11,11,11,12,12,12,12,12,12,12,12,12,12,11,11,12,12,11,12,11,12,11,12,12,12,12,12,11,12,11,11,11,11,11,11,12,12,12,11,11,11,12,12,12,11,12,11,11,12,11,11,12,11,12,12,12,12,13,12,13,12,12,12,11,11,11,11,12,12,12,12,12,12,12,12,12,12,12,12,12,12,12,12,12,12,11,11
12,12,12,12,12,12,12,12,12,12,12,12,12,12,12,12,12,12,12,11,11,11,11,12,11,11,12,11,12,12,12,12,12,12,12,11,11,11,12,12,11,12,12,12,12,12,12,12,13,12,13,12,12,12,11,11,11,11,11,12,12,11,11,12,12,12,12,12,12,11,12,12,11,11,12,11,12,13,12,12,12,12,12,11,12,12,12,11,12,12,12,12,12,12,12,12,12,12,12,12,12,12,12,12,12,12,12,11,11,12
12,12,12,12,12,12,12,12,12,12,12,12,12,12,12,12,12,11,11,11,11,11,12,13,11,12,12,11,11,11,11,11,11,11,11,11,11,12,12,12,11,12,12,12,13,13,12,12,12,12,11,12,12,12,12,12,11,11,11,12,12,11,12,12,12,12,12,12,12,12,12,12,12,11,12,11,11,11,11,11,11,11,11,12,12,12,11,12,12,11,12,12,12,12,12,12,12,12,12,12,12,12,12,12,12,12,12,12,12,12
12,12,12,12,12,12,12,12,12,12,12,12,12,12,12,11,11,11,11,11,12,12,12,12,11,12,12,12,11,11,11,11,11,11,11,11,12,12,12,12,12,12,13,12,12,12,12,11,11,11,11,11,11,12,12,12,12,12,11,11,12,11,11,12,12,12,12,11,11,12,12,12,12,11,11,12,11,11,11,12,12,12,12,12,12,12,12,12,11,11,11,11,11,12,12,12,12,12,12,12,12,12,12,12,12,12,12,12,12,12
12,12,12,12,12,12,12,12,11,12,12,12,12,11,11,11,11,11,11,12,12,12,12,12,11,12,12,12,12,11,11,11,11,11,11,12,12,12,11,11,11,11,12,11,12,12,11,12,12,12,12,12,11,11,12,13,12,12,11,11,11,12,12,12,12,12,11,11,11,12,11,12,11,12,12,11,12,12,12,12,12,12,12,12,12,12,12,12,12,12,11,11,11,11,11,11,12,12,12,12,11,12,12,12,11,11,11,12,11,12
12,12,12,12,12,12,12,12,11,11,11,11,11,11,11,11,11,11,11,11,12,12,12,12,11,12,12,12,12,11,11,11,12,12,12,12,12,11,11,12,12,12,11,11,12,12,11,12,12,12,12,12,12,11,12,12,13,12,12,11,12,12,12,12,12,11,11,11,11,11,11,12,12,12,12,12,12,12,12,12,11,12,12,11,12,12,12,12,12,11,11,11,11,11,11,11,11,11,11,11,11,11,11,12,12,12,12,11,11,12
11,11,12,12,12,12,11,11,11,11,11,11,11,11,11,11,11,11,11,12,12,12,12,12,11,12,12,12,12,12,12,12,12,12,12,12,11,11,12,12,12,12,11,12,12,11,11,12,11,11,11,12,12,12,11,11,12,12,12,11,11,12,12,12,11,11,11,11,11,12,11,11,11,12,12,12,11,11,11,11,11,11,11,11,12,12,12,11,12,12,11,11,11,11,11,11,11,11,11,11,11,11,11,11,11,11,12,12,12,12
12,12,11,11,11,12,12,11,11,11,11,11,11,11,11,11,11,11,12,12,12,12,13,12,11,12,12,12,12,12,12,12,12,12,12,12,11,12,12,12,12,11,11,11,11,11,11,12,12,11,11,11,12,12,11,11,12,12,12,11,11,12,12,12,12,11,11,11,12,12,11,11,11,11,12,12,11,11,11,11,11,11,11,11,11,11,12,11,11,11,11,11,11,11,11,11,11,11,11,11,11,11,11,11,11,11,11,11,12,11
11,12,11,11,11,11,11,11,11,11,11,11,11,11,11,11,11,11,11,12,12,12,12,13,11,12,12,12,12,11,11,12,12,12,12,11,11,12,13,12,12,11,12,11,11,11,11,12,12,12,11,11,12,12,12,11,11,12,11,12,11,11,12,12,11,11,12,12,12,11,11,11,11,11,12,11,12,11,11,11,11,11,11,11,12,11,11,12,11,11,11,11,11,11,11,11,11,11,11,11,11,11,11,11,11,11,11,11,11,11
12,11,11,11,11,11,11,11,11,11,11,11,11,11,11,11,11,11,11,11,11,12,12,12,12,12,11,11,11,11,11,11,11,12,12,11,11,12,13,12,11,11,11,12,12,11,11,12,12,12,11,11,11,12,12,12,11,11,11,12,12,11,12,12,12,12,13,12,12,11,11,11,11,11,12,11,11,11,11,11,11,11,11,11,12,12,12,12,11,11,11,11,11,11,11,11,11,11,11,11,11,11,11,11,11,11,11,11,11,11
12,12,11,11,11,11,11,11,11,11,11,11,11,11,11,11,11,11,11,11,11,11,11,11,12,11,13,12,12,12,12,11,11,12,11,11,12,12,13,13,11,11,11,11,12,12,11,11,12,12,11,11,12,12,12,12,11,12,11,12,12,12,12,11,12,13,12,12,12,11,11,11,11,11,12,12,12,11,11,11,11,11,11,11,12,12,11,11,11,11,11,11,11,11,11,11,11,11,11,11,11,11,11,11,11,11,11,11,11,12
12,12,11,11,11,11,11,11,11,11,11,11,11,11,11,11,11,11,11,11,11,12,12,12,12,11,11,12,12,12,12,12,11,12,11,11,12,12,12,13,12,11,12,12,12,12,11,11,11,12,11,11,12,12,12,12,12,11,11,12,12,12,11,11,11,14,12,11,11,11,11,11,11,11,12,11,11,11,11,11,11,11,11,11,13,11,11,11,11,11,11,11,11,11,11,11,11,11,11,11,11,11,11,11,11,11,11,11,12,12
12,12,12,11,11,11,11,11,11,11,11,11,11,11,11,11,11,11,11,11,12,12,12,12,12,11,11,11,11,11,11,12,12,12,11,11,11,11,11,12,12,11,11,12,12,12,12,12,11,12,11,11,12,12,12,12,12,11,12,11,11,11,11,11,11,11,11,11,11,11,11,11,11,11,11,11,11,11,11,11,11,11,11,11,12,12,11,11,11,11,11,11,11,11,11,11,11,11,11,11,11,11,11,11,11,11,11,12,12,11
12,12,12,12,11,11,11,11,11,11,11,11,11,11,11,11,11,11,12,12,12,12,12,12,12,11,11,11,11,11,11,12,12,11,12,11,11,11,11,11,12,11,11,12,12,12,12,12,12,11,11,12,12,12,12,12,12,11,12,11,12,12,12,11,11,11,11,11,16,12,11,11,11,11,13,11,12,12,11,11,11,12,12,12,12,11,11,11,11,11,11,11,11,11,11,11,11,11,11,11,11,11,11,11,11,11,11,12,11,12
12,12,12,12,11,11,11,11,11,11,11,11,11,11,11,11,11,12,12,12,12,12,12,12,12,11,11,11,11,11,11,11,12,12,11,11,11,11,11,11,11,11,11,12,12,12,12,12,12,12,12,12,12,12,12,12,12,11,11,12,12,11,12,11,11,11,11,11,11,12,12,12,12,11,12,12,12,12,12,12,12,12,12,12,12,11,11,11,11,11,11,11,11,11,11,11,11,11,11,11,11,11,11,11,11,11,11,11,12,12
12,12,12,12,12,11,11,11,11,11,11,11,11,11,11,12,12,12,12,12,12,12,12,12,11,11,11,11,11,11,11,11,11,11,12,12,11,11,11,11,11,11,12,12,12,12,12,12,12,12,11,11,11,12,12,12,12,12,11,11,11,11,11,11,11,11,11,11,12,12,12,12,11,12,12,12,12,12,12,12,12,12,11,12,11,11,11,11,11,11,11,11,11,11,11,11,11,11,11,11,11,11,11,11,11,11,11,11,11,11
12,12,12,12,12,12,11,11,11,11,11,11,11,12,12,12,12,12,12,12,12,12,12,12,12,11,11,11,11,11,11,11,11,11,12,12,12,12,12,12,12,12,11,11,11,11,11,11,11,11,11,11,11,12,15,11,12,12,12,11,11,11,11,11,11,11,11,11,11,12,12,12,12,12,12,12,12,12,12,12,12,12,11,13,12,12,11,11,11,11,11,11,11,11,11,11,11,11,11,11,11,11,11,11,11,12,11,12,12,12
12,12,12,12,12,12,11,11,11,11,11,11,11,12,12,12,12,12,12,12,12,12,12,12,11,11,11,11,11,11,11,11,11,12,12,12,12,12,12,12,12,12,12,12,11,11,11,11,11,11,11,11,12,12,12,11,12,11,12,12,12,11,11,11,11,11,11,11,11,12,12,12,12,12,12,12,12,12,12,12,12,11,11,13,12,12,12,11,11,11,11,11,11,11,11,11,11,11,11,11,11,11,11,11,11,12,11,11,11,12
12,12,12,12,12,12,12,11,11,11,11,12,12,12,12,12,12,12,12,12,12,12,12,12,12,12,11,11,11,11,11,11,11,12,12,12,12,12,12,12,12,12,12,12,12,11,11,11,11,11,11,12,12,12,12,11,12,13,12,12,12,12,12,11,11,11,11,11,12,12,12,12,12,12,12,12,12,12,12,12,12,11,11,12,12,12,12,11,11,11,11,11,11,11,11,11,11,11,11,11,11,11,11,11,11,11,11,11,11,11
12,12,12,12,12,12,12,11,12,12,12,12,12,12,12,12,12,12,12,12,12,12,12,12,12,12,11,11,11,11,11,11,11,11,12,12,12,12,12,12,12,12,12,12,12,11,11,11,11,11,12,12,12,12,11,11,11,12,12,11,12,12,12,12,12,11,11,12,11,12,12,12,12,12,12,12,12,12,12,12,12,11,11,12,12,12,12,12,11,11,11,11,11,11,11,11,11,11,11,11,11,11,11,11,11,11,11,11,11,11
12,12,12,12,12,12,12,12,12,12,12,12,12,12,12,12,12,12,12,12,12,12,11,11,11,11,11,11,11,11,11,11,12,12,12,12,12,12,12,12,12,12,11,12,12,11,11,11,11,11,12,12,12,12,11,11,11,12,12,12,11,12,12,12,12,11,11,11,11,12,12,12,12,12,12,12,12,12,12,12,11,11,12,12,13,12,12,12,11,11,11,11,11,11,11,11,11,11,11,11,11,11,11,11,11,11,11,11,11,11
12,12,12,12,12,12,12,12,12,12,12,12,12,12,12,12,12,12,12,12,12,12,12,11,11,11,11,11,12,12,12,11,12,12,11,12,12,12,12,12,12,12,11,12,12,12,11,11,11,11,12,12,12,11,11,11,11,12,12,12,12,11,12,12,12,11,11,11,11,12,12,12,12,12,12,12,12,12,12,12,12,11,11,12,12,12,12,12,11,11,11,11,11,11,11,11,11,11,11,11,11,11,11,11,11,11,11,11,12,12
12,12,12,12,12,12,12,12,12,12,12,12,12,12,12,12,12,12,12,12,12,12,12,12,12,11,11,12,12,12,12,11,12,12,12,11,12,12,12,12,12,11,12,12,12,12,12,11,11,11,12,12,12,11,11,11,12,12,12,12,12,12,12,12,12,12,11,11,11,12,12,12,12,12,12,12,12,12,12,12,11,11,11,12,12,12,12,12,12,11,11,11,11,11,11,11,11,11,11,11,11,11,11,11,11,11,11,12,11,12
12,12,12,12,12,12,12,12,12,12,12,12,12,12,12,12,12,12,12,12,12,12,12,12,12,12,12,12,12,12,12,12,12,12,12,12,11,12,12,12,12,11,12,12,13,12,12,11,11,11,12,12,11,11,11,11,12,12,12,12,12,12,12,11,12,12,11,11,11,11,12,12,12,12,12,12,12,12,12,12,11,11,11,12,12,13,12,12,12,11,12,11,11,11,11,11,11,11,11,11,11,11,11,11,11,11,12,11,11,12
12,12,12,12,12,12,12,12,12,12,12,12,12,12,12,12,12,12,12,12,12,12,12,12,12,12,11,12,12,12,12,12,12,12,12,12,12,11,12,11,11,12,12,12,12,12,12,12,12,11,12,11,11,11,12,12,12,12,12,12,12,12,12,11,13,11,12,11,11,11,12,11,12,12,12,12,12,12,12,12,11,11,11,12,12,12,12,12,12,12,12,11,12,11,11,11,11,11,11,11,11,11,11,11,12,12,12,11,11,12
12,12,12,12,12,12,12,12,12,12,12,12,12,12,12,12,11,11,12,12,11,11,11,11,12,12,12,12,12,12,12,12,12,12,12,12,12,11,12,12,11,12,13,12,13,13,12,12,12,12,11,11,12,12,12,12,12,12,12,12,12,12,11,11,11,12,11,11,11,12,11,11,12,12,12,12,12,12,12,11,11,11,11,11,12,12,12,12,12,12,12,11,12,11,11,11,11,11,11,11,11,11,11,12,12,12,11,11,11,12
12,12,12,12,12,12,11,12,12,12,12,12,12,12,12,12,12,12,11,11,12,12,12,12,12,12,12,12,12,12,12,12,12,12,12,12,12,11,11,12,12,13,12,12,12,12,12,12,11,12,11,12,12,13,12,12,12,12,12,12,11,11,11,11,12,12,12,12,11,11,11,12,11,12,12,12,12,12,12,11,11,11,11,12,12,12,12,12,12,12,12,12,12,11,11,12,12,11,11,11,11,11,11,12,12,12,11,11,11,12
12,12,12,12,12,12,12,12,12,12,12,12,12,12,12,12,12,12,12,12,12,12,11,12,12,12,12,12,12,12,12,12,12,12,12,12,12,11,11,12,12,12,12,12,12,12,12,11,12,12,11,11,12,12,13,12,12,12,12,12,11,11,11,11,11,12,12,12,12,12,11,11,11,12,12,12,12,12,12,11,11,11,11,11,12,12,12,12,12,12,12,12,12,12,12,12,12,11,11,11,12,12,12,12,11,12,11,11,11,12
12,12,12,12,12,12,12,11,12,12,12,12,12,12,12,12,12,12,12,12,12,12,12,12,12,12,12,12,12,12,12,12,12,12,12,12,12,11,11,11,12,12,12,12,12,11,11,12,12,12,11,11,11,12,12,12,12,12,12,12,11,11,11,11,12,12,12,12,12,12,12,12,11,12,12,12,12,12,12,11,11,11,11,12,12,12,12,12,12,12,12,12,12,12,11,12,11,11,11,12,12,12,12,12,11,12,11,11,11,11
12,12,12,12,12,12,12,11,12,11,12,12,12,12,12,12,11,12,12,12,12,12,12,12,12,12,12,12,12,12,12,12,12,12,12,12,12,11,11,11,12,12,12,12,11,11,11,12,12,12,12,11,11,12,12,12,13,12,12,12,11,11,11,11,11,12,12,12,12,12,12,12,12,12,11,11,11,12,12,11,11,11,11,11,12,12,12,12,12,12,12,12,12,12,11,12,11,11,12,12,12,12,12,12,11,11,11,11,11,12
12,12,12,12,12,12,12,11,11,11,11,12,12,12,12,12,11,11,11,11,12,12,12,12,12,12,12,12,12,12,12,12,12,12,12,12,12,12,11,11,12,13,12,12,11,11,12,12,12,12,12,11,11,11,11,12,12,12,12,12,11,11,11,11,12,12,12,12,12,12,12,12,12,12,12,11,12,11,11,11,11,11,11,11,12,12,12,12,12,12,12,12,12,12,12,12,11,12,12,12,11,11,12,12,11,12,11,11,11,12
12,12,12,12,12,12,12,12,11,12,11,12,12,12,12,11,11,12,12,12,12,12,12,12,12,12,12,12,12,12,12,12,12,12,12,12,12,11,11,11,12,12,12,11,11,11,12,12,12,12,12,11,11,11,11,12,12,12,13,12,12,11,11,11,11,12,12,12,12,12,12,12,12,12,12,11,11,11,11,11,11,11,11,11,12,12,12,12,12,12,12,12,12,12,12,11,11,11,11,12,11,11,11,12,11,12,11,11,11,12
12,12,12,12,12,12,12,12,11,12,12,11,12,12,12,12,12,11,12,12,12,12,12,12,12,12,12,12,12,12,12,12,12,12,12,12,12,11,11,11,12,12,12,11,11,12,12,12,12,12,12,12,11,11,11,11,11,12,13,12,12,11,11,11,12,12,12,12,12,12,12,12,12,12,12,12,11,11,11,12,12,11,11,11,12,12,12,12,12,12,12,13,12,12,11,11,11,11,11,11,11,11,11,11,11,11,11,11,11,12
12,12,12,12,12,12,12,12,11,11,11,11,11,11,12,12,12,12,12,12,12,11,12,12,12,12,12,12,12,12,12,12,12,12,12,12,12,11,11,11,12,12,12,11,11,12,12,12,12,12,12,12,11,11,11,11,11,12,12,12,12,11,11,11,12,12,12,12,12,12,12,12,12,12,12,12,11,12,11,12,12,11,11,11,12,12,11,12,12,12,13,13,12,12,11,11,11,11,11,11,11,11,11,11,11,11,11,11,11,12
12,12,12,12,12,12,12,12,11,11,11,11,12,12,12,12,12,12,12,12,12,12,12,12,12,12,12,12,12,12,12,12,12,12,12,12,12,11,11,11,12,12,12,11,11,12,12,12,12,12,12,12,12,11,11,11,11,12,12,12,12,11,11,11,12,12,12,12,12,12,12,12,12,12,12,12,11,12,11,13,12,11,11,11,12,12,12,12,12,13,13,12,12,12,11,11,11,11,11,11,11,11,11,11,11,11,11,11,11,11
12,12,12,12,12,12,12,12,11,11,11,11,12,12,12,12,12,12,12,12,12,12,12,12,12,12,12,12,12,12,12,12,12,12,11,11,11,11,11,11,12,12,12,11,12,12,12,12,12,12,12,12,12,11,11,11,11,12,12,12,12,11,11,11,12,12,12,12,12,12,12,12,12,12,12,12,12,11,11,12,12,12,11,11,12,12,11,12,12,13,12,12,12,12,11,11,11,11,11,11,11,11,11,11,11,11,11,11,11,11
12,12,12,12,12,12,12,12,12,11,12,12,12,12,12,12,12,12,12,12,12,12,11,12,12,12,12,12,12,12,12,12,12,12,12,12,11,11,12,12,12,12,11,11,12,12,12,12,12,12,12,12,12,12,11,11,11,11,12,12,12,12,11,11,12,12,12,12,12,12,12,12,12,12,12,12,12,12,13,12,12,12,11,12,12,12,12,12,12,12,13,12,12,12,11,11,11,11,11,11,11,11,11,11,11,11,11,11,11,12
12,12,12,12,12,12,12,12,12,11,11,11,12,12,12,12,12,12,12,11,12,12,12,12,12,12,12,12,12,12,12,12,12,12,11,11,11,11,12,11,12,12,11,11,12,12,12,12,12,12,12,12,12,12,11,11,11,11,12,12,12,12,11,11,12,12,12,12,12,12,12,12,12,12,12,12,12,12,12,12,11,12,11,11,12,12,11,11,11,12,12,12,12,12,11,11,11,11,11,11,11,11,11,11,11,12,12,12,11,11
12,12,12,12,12,12,12,12,12,11,11,11,11,11,11,11,12,12,12,12,12,12,12,12,12,12,12,12,12,12,12,12,12,12,11,11,12,11,11,12,12,12,11,11,12,12,12,12,12,12,12,12,12,12,11,11,11,11,12,12,12,11,12,11,11,12,12,12,12,12,12,12,12,12,12,12,12,12,12,11,12,12,12,11,12,12,11,11,11,12,12,12,12,13,11,11,11,11,11,11,11,11,12,12,12,11,11,11,11,11
12,12,12,12,12,12,12,12,12,11,11,11,11,11,11,11,11,12,12,12,12,12,12,12,12,12,12,12,12,12,12,12,12,12,11,11,11,11,11,12,12,12,12,12,12,12,12,12,12,12,12,12,12,12,12,11,11,11,11,12,13,12,11,11,12,11,12,12,12,12,12,12,12,12,12,12,12,12,11,11,11,13,13,11,12,12,12,11,11,12,13,12,13,13,11,11,12,13,12,11,11,11,11,11,11,11,11,11,11,11
12,12,12,12,12,12,12,12,12,11,11,12,12,12,12,11,11,12,12,12,12,12,12,12,12,11,12,12,12,12,11,12,11,12,11,11,11,11,11,12,12,11,11,11,12,12,12,12,12,12,12,12,12,12,12,12,11,11,11,11,12,12,11,12,11,12,12,12,12,12,12,12,12,12,12,12,12,12,12,12,11,11,12,11,11,12,11,11,11,12,12,12,12,12,11,12,12,11,11,11,11,11,11,11,11,11,11,11,11,11
12,12,12,12,12,12,12,12,12,12,11,11,11,11,11,12,11,12,12,12,12,12,12,12,12,12,12,12,12,12,12,12,11,12,11,11,11,11,12,12,12,12,11,12,12,12,12,12,12,12,12,12,12,12,12,12,12,11,11,11,12,12,12,11,11,12,12,12,12,12,12,12,12,12,12,12,12,11,12,12,11,11,11,11,11,12,12,11,11,11,12,12,12,12,12,12,12,11,11,11,11,11,11,11,11,11,11,11,11,11
12,12,12,12,12,12,12,12,12,12,11,11,11,11,11,11,11,12,12,12,12,12,12,12,12,12,12,12,12,12,12,12,12,12,12,11,12,11,11,12,12,11,11,11,12,12,12,12,12,12,12,12,12,12,12,12,12,11,11,11,12,12,12,11,12,12,12,12,12,12,12,12,12,12,12,12,12,11,12,12,11,12,11,11,11,11,11,12,11,11,12,12,12,12,12,12,12,11,11,11,11,11,12,11,11,11,11,11,11,11
12,12,12,12,12,12,12,12,12,12,11,11,11,11,11,11,11,11,12,12,12,12,12,12,12,12,12,12,12,12,12,12,12,12,12,11,11,11,12,12,11,12,11,11,12,12,12,12,12,12,12,12,12,12,12,12,12,11,11,11,11,12,11,12,11,12,12,12,12,12,12,12,12,12,12,12,12,12,12,11,11,11,12,11,11,11,11,11,12,12,12,12,11,12,12,12,12,11,11,11,11,11,11,11,11,11,11,11,11,11
11,11,11,11,11,11,11,12,12,12,11,11,11,11,11,11,11,11,12,12,12,12,12,12,12,12,12,12,12,12,12,12,12,12,12,11,12,11,12,12,11,11,11,11,12,12,12,12,12,12,12,12,12,12,12,12,12,11,11,11,11,12,12,11,11,12,11,12,12,12,12,12,12,12,12,12,12,12,12,12,12,11,11,11,11,11,11,12,11,11,11,11,11,12,12,12,12,11,11,11,11,11,12,11,11,11,11,11,11,11
11,11,11,11,11,11,11,12,12,12,12,11,11,11,11,11,11,11,12,12,12,12,12,12,11,12,12,12,12,12,12,12,12,12,12,11,11,11,11,12,12,11,12,12,12,12,12,12,12,12,12,12,12,12,12,12,12,11,11,11,11,12,12,11,11,12,12,12,12,12,12,12,12,12,12,12,12,11,11,11,11,12,12,12,12,12,12,12,11,11,11,11,11,12,12,12,12,11,11,11,11,11,12,12,11,11,11,11,11,11
11,11,11,11,11,11,11,11,11,11,11,11,11,11,11,11,11,11,11,12,12,12,12,12,12,12,12,12,12,12,12,12,12,12,12,11,11,12,11,11,11,12,12,12,12,12,12,12,12,12,12,12,12,12,12,12,12,11,11,11,11,12,12,12,11,11,12,11,12,11,12,12,12,12,12,11,11,11,11,11,11,12,12,12,12,12,12,11,11,11,11,11,11,11,11,11,11,11,11,11,11,11,11,11,11,11,11,11,11,11
