300,300,300,300,299,299,299,299,301,301,301,301,300,300,300,300,300,301,300,300,300,300,300,300,300,299,299,300,299,299,299,301,301,301,301,301,301,300,300,300,300,300,300,300,300,300,300,300,300,300,300,300,300,300,300,300,300,300,300,300,300,301,299,299,300,300,300,300,300,300,300,300,300,300,301,301,301,301,299,299,299,300,300,300,300,300,300,300,300,300,300,300,300,300,300,300,301,301,300,301,300,300,300,300,300,300,300,300,300,300
300,300,300,300,300,299,299,299,301,301,301,301,300,300,300,300,300,301,300,300,300,300,300,300,299,300,299,299,299,299,299,301,299,299,300,301,300,300,300,300,300,300,300,301,300,300,300,300,300,300,300,300,300,300,300,300,300,300,300,300,300,301,300,300,300,301,300,300,300,300,300,300,300,300,301,301,301,299,299,299,299,299,300,300,300,300,300,300,300,300,300,300,300,300,300,301,301,301,300,301,300,300,300,300,300,300,300,300,300,300
300,300,300,300,300,299,299,301,300,301,301,300,300,300,300,300,300,301,300,300,300,300,300,300,299,299,299,299,300,299,300,300,301,301,301,301,301,301,301,301,301,300,301,301,301,300,300,300,300,300,300,300,300,300,300,300,300,300,300,300,300,301,300,300,300,301,300,301,301,301,300,300,300,300,301,301,301,299,299,299,299,300,300,300,300,300,300,300,300,300,300,300,300,300,300,300,301,301,300,301,300,300,300,300,300,300,300,300,300,300
300,300,300,300,300,300,299,301,301,301,301,300,300,300,300,300,300,301,300,300,300,300,300,300,299,299,299,299,299,299,299,299,299,301,300,301,301,301,301,301,301,300,301,301,300,300,300,300,300,300,300,300,300,300,300,300,300,300,300,300,300,300,300,300,300,301,300,301,301,301,301,301,301,301,301,301,301,299,299,299,299,299,300,300,300,300,300,300,300,300,300,300,300,300,300,300,301,301,301,301,301,300,300,300,300,300,300,300,300,300
300,300,300,300,300,300,300,301,301,301,301,300,300,300,300,300,300,300,300,300,300,300,300,300,299,299,299,299,299,299,299,299,299,301,299,301,300,301,301,301,301,301,301,301,300,300,300,300,300,300,300,300,300,300,300,300,300,300,300,300,300,300,300,300,301,301,301,301,301,301,301,301,301,301,300,300,300,299,299,299,299,299,299,300,300,300,300,300,300,300,300,300,300,300,300,301,301,301,301,301,301,300,300,300,300,300,300,300,300,300
300,300,300,300,300,300,300,301,301,301,301,300,300,300,300,300,300,300,300,300,300,300,300,299,299,299,299,299,299,299,301,301,299,299,299,301,301,301,301,301,301,301,301,301,301,300,300,300,300,300,300,300,300,300,300,300,300,300,300,300,301,300,300,300,301,301,301,301,301,301,301,301,301,301,301,301,299,299,299,299,299,299,299,300,300,300,300,300,300,300,300,300,300,300,300,301,301,301,301,301,301,300,300,300,300,300,300,300,300,300
300,300,300,300,300,300,300,301,301,301,300,300,300,300,300,300,300,300,300,300,300,299,299,299,299,299,299,299,299,299,299,300,301,300,301,301,300,301,301,301,301,301,301,301,300,301,300,300,300,300,300,300,300,300,300,300,300,300,300,300,300,300,300,300,301,301,301,301,301,301,301,301,301,301,300,301,299,299,299,299,299,299,299,300,300,300,300,300,300,300,300,300,300,301,301,301,300,299,301,301,301,300,300,300,300,300,300,300,300,300
300,300,300,300,300,300,300,301,301,301,301,300,300,300,301,300,300,300,300,300,300,300,299,299,299,299,299,299,299,299,300,301,300,299,301,300,301,300,301,301,301,301,301,301,300,301,300,300,300,300,300,300,300,300,300,300,300,300,300,300,301,300,300,300,301,300,301,301,301,301,301,301,301,301,301,300,299,299,299,299,299,299,299,300,300,300,300,300,300,300,300,300,300,300,300,301,299,300,299,299,301,301,300,300,300,300,300,300,300,300
300,300,300,300,300,300,300,301,300,300,301,301,300,300,301,300,301,300,300,300,300,299,299,299,299,299,299,299,299,299,299,300,299,299,301,301,301,300,301,301,301,301,301,301,301,301,300,300,300,300,300,300,300,300,300,300,300,300,300,300,300,300,300,300,301,301,301,301,301,301,301,301,301,300,301,300,299,299,299,299,299,299,299,300,300,300,300,300,300,300,300,300,300,300,301,301,301,301,301,301,301,301,300,300,300,300,300,300,300,300
300,300,300,300,300,300,301,301,301,301,300,300,300,300,301,300,301,300,300,299,299,299,299,299,299,299,299,299,299,299,299,299,299,299,299,300,299,299,301,301,301,301,301,300,300,301,300,300,300,300,300,300,300,300,300,300,300,300,300,300,300,300,300,300,301,301,301,301,301,301,301,301,301,301,301,299,299,299,299,299,299,299,300,300,300,300,300,300,300,300,300,300,300,300,300,299,299,299,299,299,299,301,300,300,300,300,300,300,300,300
300,300,300,300,300,300,301,301,301,301,300,300,300,301,301,301,300,300,300,300,299,299,299,299,299,299,299,299,299,299,299,299,299,299,299,301,300,299,300,301,301,301,301,301,301,300,300,300,300,300,300,300,300,300,300,300,300,300,300,300,300,300,300,300,301,301,301,301,301,301,301,301,301,301,301,300,299,299,299,299,299,299,299,300,300,300,300,300,300,300,300,300,300,300,300,299,299,299,300,299,299,299,300,300,300,300,300,300,300,300
300,300,300,300,300,300,300,301,299,301,301,300,300,301,301,301,300,300,300,299,299,300,300,299,299,299,299,299,299,299,299,299,300,299,299,299,299,300,301,301,301,301,301,301,301,301,301,300,300,300,300,300,300,300,300,300,300,300,300,300,300,300,301,301,301,301,301,301,301,301,301,301,301,301,300,300,299,299,299,299,299,300,300,300,300,300,300,300,300,300,300,300,300,300,300,300,300,300,300,300,300,299,300,300,300,300,300,300,300,300
300,300,300,300,300,300,299,301,299,299,301,301,300,301,301,301,301,300,299,299,299,300,300,299,300,299,300,299,299,299,299,299,299,299,300,299,299,299,300,301,301,301,301,301,301,301,300,300,300,300,300,300,300,300,300,300,300,300,300,300,300,301,301,301,301,301,301,301,301,301,301,301,301,301,300,300,299,299,299,299,299,300,300,300,300,300,300,300,300,300,300,300,300,300,300,300,300,300,300,299,299,299,299,300,300,300,300,300,300,300
300,300,300,300,300,300,299,299,299,299,300,301,300,301,301,300,301,299,299,299,300,300,300,300,300,299,299,299,299,299,299,299,299,299,299,299,299,299,300,299,301,301,301,301,301,301,300,300,300,300,300,300,300,300,300,300,300,300,300,300,300,301,301,301,301,301,301,301,301,301,301,301,301,301,300,299,299,299,299,299,300,300,300,300,300,300,300,300,300,300,300,300,300,300,300,300,300,299,299,299,299,299,299,300,300,300,300,300,300,300
300,300,300,300,300,300,299,299,299,299,299,301,299,300,301,300,299,300,300,300,300,300,299,299,300,299,299,299,299,299,299,299,299,299,299,299,299,299,300,299,301,299,301,301,301,301,300,300,300,300,300,300,300,300,300,300,300,300,300,300,300,301,301,301,301,301,301,301,301,301,301,301,301,301,301,299,299,299,299,299,300,300,300,300,300,300,300,300,300,300,300,300,300,300,300,300,300,299,299,299,299,299,299,300,300,300,300,300,300,300
300,300,300,300,300,300,300,299,300,299,299,299,299,300,301,300,301,299,299,299,300,300,300,299,300,300,300,299,299,299,299,299,299,299,299,299,299,299,299,299,301,300,301,301,301,301,300,300,300,300,300,300,300,300,300,300,300,300,300,300,300,301,301,301,301,301,301,301,301,301,301,301,301,301,301,299,299,299,299,299,300,300,300,300,300,300,300,300,300,300,300,300,300,300,300,300,300,300,300,300,300,300,300,300,300,300,300,300,300,300
300,300,300,300,300,299,299,299,299,299,300,299,299,299,299,300,299,299,300,300,300,300,300,300,300,300,300,299,299,299,299,299,299,299,299,299,299,299,299,299,299,299,300,301,301,301,300,300,300,300,300,300,300,300,300,300,300,300,300,301,301,300,301,301,301,301,301,301,301,301,301,301,301,301,301,299,299,299,299,300,300,300,300,300,300,300,300,300,300,300,300,300,300,300,300,300,300,300,300,300,300,300,300,300,300,300,300,300,300,300
300,300,300,300,300,299,299,299,299,299,299,299,300,301,299,300,300,300,300,300,300,300,300,300,300,300,300,300,300,299,299,299,299,299,299,299,299,299,299,299,299,299,299,301,299,301,300,300,300,300,300,300,300,300,300,300,300,301,301,299,301,299,301,301,301,301,301,301,301,301,301,301,301,301,301,299,299,299,299,300,300,300,300,300,300,300,300,300,300,300,300,300,300,300,300,300,300,300,299,300,299,300,299,299,300,300,300,300,300,300
300,300,300,300,300,300,299,299,299,299,299,299,299,300,299,299,299,300,300,300,300,300,300,300,300,300,300,300,300,299,299,299,299,299,299,299,299,299,299,299,299,299,299,299,299,299,301,300,300,300,300,300,300,300,299,299,300,299,300,300,299,299,299,300,300,301,301,301,301,301,301,301,301,301,301,299,299,299,300,300,300,300,300,300,300,300,300,300,300,300,300,300,300,300,300,300,300,300,300,300,299,300,300,300,300,300,300,300,300,300
300,300,300,300,300,300,300,299,300,299,299,299,301,299,299,299,299,300,300,300,300,300,300,300,300,300,300,300,300,300,299,300,299,299,299,299,299,299,299,299,299,299,299,299,299,299,301,300,300,300,300,300,300,300,299,301,301,300,300,300,300,299,299,299,300,301,301,301,301,301,301,301,301,301,301,299,299,299,300,300,300,300,300,300,300,300,300,300,300,300,300,300,300,300,300,300,300,300,301,300,300,300,300,300,300,300,300,300,300,300
300,300,300,300,300,300,300,300,300,300,299,300,301,299,299,299,299,299,299,300,300,300,300,300,300,300,300,300,300,300,299,300,299,299,299,299,299,299,299,299,299,299,299,299,299,299,300,300,300,300,300,300,300,299,301,300,300,300,300,300,300,300,299,299,299,301,301,301,301,301,301,301,301,301,301,300,299,299,300,300,300,300,300,300,300,300,300,300,300,300,300,300,300,300,300,300,300,300,301,300,300,300,300,300,300,300,300,300,300,300
300,300,300,300,300,300,300,300,300,299,299,299,301,300,299,299,299,299,300,300,300,300,300,300,300,300,300,300,300,300,300,299,299,299,299,299,299,299,299,299,299,299,299,299,300,300,300,300,299,299,300,299,299,299,300,300,300,300,300,300,300,300,300,299,300,301,301,301,301,301,301,301,301,301,301,299,299,299,300,300,300,300,300,300,300,300,300,300,300,300,300,300,300,300,300,300,300,300,300,300,300,300,300,300,300,300,300,300,300,300
300,300,300,300,300,300,300,300,299,299,299,301,301,301,301,301,299,299,299,300,300,300,300,300,300,300,300,300,300,300,300,300,300,299,299,299,299,299,299,299,299,300,300,300,300,300,300,300,301,301,299,299,299,300,300,300,300,300,300,300,300,300,300,299,299,301,301,301,301,301,301,301,301,301,301,299,299,299,300,300,300,300,300,300,300,300,300,300,300,300,300,300,300,300,300,300,300,300,300,300,299,300,300,300,300,300,300,300,300,300
300,300,300,300,300,300,300,300,299,300,299,300,301,301,301,301,299,299,299,299,300,300,300,300,300,300,300,300,300,300,300,300,300,300,299,299,299,299,299,299,299,300,300,300,300,300,300,301,301,299,299,299,300,300,300,300,300,300,300,300,300,300,300,299,299,301,301,301,301,300,300,300,301,301,301,299,299,300,300,300,300,300,300,300,300,300,300,300,300,300,300,300,300,300,300,300,300,301,299,299,300,300,300,300,300,300,300,300,300,300
300,300,300,300,300,300,300,300,299,299,300,301,301,301,299,299,299,299,299,300,300,300,300,300,300,300,300,300,300,300,300,300,300,299,299,299,299,299,299,299,299,300,300,300,300,300,301,301,301,299,299,299,299,300,300,300,300,300,300,300,300,300,300,300,299,301,300,300,300,300,300,300,300,301,301,299,299,300,300,300,300,300,300,300,300,300,300,300,300,300,300,300,300,300,300,300,299,299,300,299,299,300,300,300,300,300,300,300,300,300
300,300,300,300,300,300,300,300,300,300,300,300,301,301,301,301,299,299,299,300,300,300,300,300,300,300,300,300,300,300,300,300,299,299,299,300,299,299,299,299,300,300,300,300,300,300,300,301,301,301,300,299,299,299,299,300,300,300,300,300,300,300,300,300,299,301,300,300,300,300,300,300,300,300,301,301,299,300,300,300,300,300,300,300,300,300,300,300,300,300,300,300,300,300,301,300,300,299,299,299,300,300,300,300,300,300,300,300,300,300
300,300,300,300,300,300,300,300,300,300,300,301,301,301,301,300,299,299,299,299,300,300,300,300,300,300,300,300,300,300,300,299,299,299,299,301,301,301,299,299,300,300,300,300,300,300,301,301,301,300,301,300,299,299,299,299,300,300,300,300,300,300,300,300,299,300,300,300,300,300,300,300,300,300,300,299,300,300,300,300,300,300,300,300,300,300,300,300,300,300,300,300,300,301,301,299,300,300,300,300,300,300,300,300,300,300,300,300,300,300
300,300,300,300,300,300,300,300,300,300,300,300,300,301,301,301,300,299,299,299,299,300,300,300,300,300,300,300,300,300,300,299,299,299,301,301,301,301,301,299,299,300,300,300,300,300,301,301,299,299,299,300,300,301,299,299,300,300,300,300,300,300,300,300,300,300,300,300,300,300,300,300,300,300,301,299,300,300,300,300,300,300,300,300,300,300,300,300,300,300,300,301,301,299,299,300,299,300,300,300,300,300,300,300,300,300,300,300,300,300
300,300,300,300,300,300,300,300,300,300,300,300,300,301,300,301,301,301,299,299,299,299,300,300,300,300,300,300,300,300,299,299,299,300,301,300,301,301,301,301,301,299,300,300,300,301,301,301,299,299,300,300,300,301,299,299,300,300,300,300,300,301,301,301,299,300,300,300,300,300,300,300,300,300,300,300,300,300,300,300,300,300,300,300,300,300,300,300,300,300,301,301,299,299,299,300,300,300,300,300,300,300,300,300,300,300,300,300,300,300
300,300,300,300,300,300,300,300,300,300,300,300,300,300,300,301,301,301,300,299,299,299,299,300,300,300,300,300,300,300,300,299,299,301,301,300,300,300,300,300,301,301,299,300,301,301,301,299,299,299,300,300,300,301,301,300,300,300,300,300,301,301,301,299,299,300,300,300,300,300,300,300,300,300,300,301,300,300,300,300,300,300,300,300,300,300,300,300,300,301,299,299,299,300,300,300,300,300,300,300,300,300,300,300,300,300,300,300,300,300
300,300,300,300,300,300,300,300,300,300,300,300,300,300,300,300,301,301,301,300,299,299,299,299,300,300,300,300,300,300,299,299,299,301,301,300,300,300,300,300,301,301,301,299,301,300,299,299,299,300,300,300,300,300,300,300,299,299,300,299,300,299,299,299,299,300,300,300,300,300,300,300,300,300,300,300,300,300,300,300,300,300,300,300,300,300,300,300,299,299,299,299,300,300,300,300,300,300,300,300,300,300,300,300,300,300,300,300,300,300
300,300,300,300,300,300,300,300,300,300,300,300,300,300,300,301,301,301,301,300,299,299,299,299,299,299,300,300,300,300,299,299,300,301,301,300,300,300,300,300,300,301,301,300,301,299,300,300,300,300,300,300,300,300,300,299,299,299,299,299,299,299,299,299,299,299,301,300,300,300,300,300,300,300,301,300,300,300,300,300,300,300,300,300,300,300,301,299,299,299,300,300,300,300,300,300,300,300,300,300,300,300,300,300,300,300,300,300,300,300
300,300,300,300,300,300,300,300,300,300,300,300,300,300,300,300,300,301,301,301,300,299,299,299,299,299,300,300,299,299,299,299,301,301,300,300,300,300,300,301,301,301,301,300,301,299,299,301,300,300,300,300,300,300,299,299,299,299,299,299,299,299,299,299,299,299,301,299,299,299,301,300,301,301,300,300,300,300,300,300,300,300,300,300,301,301,299,299,300,300,300,300,300,300,300,300,300,300,300,300,300,300,300,300,300,300,300,300,300,300
300,300,300,300,300,300,300,300,300,300,300,300,300,300,300,300,300,301,301,301,301,299,299,299,299,299,299,299,299,299,299,299,301,301,301,300,300,300,300,301,301,301,300,299,299,299,301,301,300,300,300,300,300,299,299,299,299,299,299,299,299,299,299,299,299,299,299,299,299,300,300,300,300,300,300,300,300,300,300,300,300,300,300,300,301,299,299,299,300,300,300,300,300,300,300,300,300,300,300,300,300,300,300,300,300,300,300,300,300,300
300,300,300,300,300,300,300,300,300,300,300,300,300,300,300,300,300,300,300,301,301,301,299,299,299,299,299,299,299,299,299,299,300,301,301,301,300,300,301,301,301,300,299,299,299,299,299,301,301,301,300,301,300,301,301,301,301,299,299,299,299,299,299,299,300,299,299,299,300,300,300,300,300,300,300,300,300,300,300,300,300,300,300,299,299,299,300,300,300,300,300,300,300,300,300,300,300,300,300,300,300,300,300,300,300,300,300,300,300,300
300,300,300,300,300,300,300,300,300,300,300,300,300,300,300,300,300,300,300,301,301,301,301,299,299,299,299,299,299,299,299,299,300,301,301,301,301,301,301,301,300,299,299,299,299,299,299,301,301,301,301,301,300,300,301,301,301,301,299,299,299,299,299,300,299,299,300,300,300,300,300,300,300,300,300,300,300,300,300,300,300,300,301,299,299,299,300,300,300,300,300,300,300,300,300,300,300,300,300,300,300,300,300,300,300,300,300,300,300,300
300,300,300,300,300,300,300,300,300,300,300,300,300,300,300,300,300,300,300,301,301,301,301,301,300,299,299,299,299,299,299,299,299,299,301,301,301,301,301,299,299,299,299,299,299,299,299,299,299,299,300,299,299,300,300,301,301,301,301,299,299,299,299,301,299,299,300,300,300,300,300,300,300,300,300,300,300,300,300,300,300,301,299,299,299,299,299,300,300,300,300,300,300,300,300,300,300,300,300,300,300,300,300,300,300,300,300,300,300,300
300,300,300,300,300,300,300,300,300,300,300,300,300,300,300,300,300,300,300,300,301,301,301,301,301,300,299,299,299,299,299,299,299,299,299,301,299,300,299,299,299,299,299,299,299,299,299,299,299,299,299,299,299,300,300,300,301,301,301,299,299,299,300,298,299,299,300,300,300,300,300,300,300,300,300,300,300,300,300,300,300,301,299,299,299,299,300,300,300,300,300,300,300,300,300,300,300,300,300,300,300,300,300,300,300,300,300,300,300,300
300,300,300,300,300,300,300,300,300,300,300,300,300,300,300,300,300,300,300,300,300,301,301,301,301,301,300,299,299,299,299,299,299,299,300,299,300,300,300,299,299,299,299,299,299,299,299,299,299,299,299,299,299,300,300,300,300,300,301,301,301,299,301,300,299,300,300,300,300,300,300,300,300,301,301,301,300,300,300,300,300,301,299,299,299,299,299,300,300,300,300,300,300,300,300,300,300,300,300,300,300,300,300,300,300,300,300,300,300,300
300,300,300,300,300,300,300,300,300,300,300,300,300,300,300,300,300,300,300,300,300,300,301,301,301,301,301,300,299,299,299,300,300,300,300,300,300,300,300,300,300,299,299,299,299,299,299,299,299,299,299,299,299,299,299,300,300,300,300,301,301,301,300,300,299,299,299,300,300,300,301,301,301,299,300,299,301,301,301,301,301,301,299,299,299,299,299,299,299,300,300,300,300,300,300,300,300,300,300,300,300,300,300,300,300,300,300,300,300,300
300,300,300,300,300,300,300,300,300,300,300,300,300,300,300,300,300,300,300,300,300,300,300,301,301,301,301,301,299,299,299,300,300,300,300,300,300,300,300,300,300,299,299,299,299,299,299,299,299,299,299,299,299,299,299,299,300,300,300,300,300,300,300,300,300,300,300,300,301,299,299,299,299,299,299,299,299,299,301,301,300,301,301,300,299,299,299,299,299,299,299,299,299,300,300,300,300,300,300,300,300,300,300,300,300,300,300,300,300,300
300,300,300,300,300,300,300,300,300,300,300,300,300,300,300,300,300,300,300,300,300,300,300,301,301,301,301,301,301,301,299,300,300,300,300,300,300,300,300,300,300,299,299,299,299,299,299,299,299,299,299,299,299,299,299,299,299,299,300,300,300,300,300,300,300,300,299,299,299,299,299,299,299,299,299,299,299,299,299,301,301,301,301,301,300,299,299,299,299,299,299,299,299,299,300,300,300,300,300,300,300,300,300,300,300,300,300,300,300,300
300,300,300,300,300,300,300,300,300,300,300,300,300,300,300,300,300,300,300,300,300,300,300,301,301,301,301,301,301,300,301,301,301,301,300,301,300,301,300,300,300,301,301,301,301,301,299,299,299,299,299,299,299,299,300,299,299,301,299,300,300,300,300,300,301,299,299,299,299,299,299,299,299,299,300,300,299,299,299,301,301,301,301,301,301,301,300,300,299,299,299,299,299,299,299,300,299,300,299,300,300,300,300,300,300,300,300,300,300,300
300,300,300,300,300,300,300,300,300,300,300,300,300,300,300,300,300,300,300,300,300,300,300,301,301,301,300,300,300,300,300,300,299,301,301,301,301,301,301,301,300,300,300,301,301,301,301,299,299,299,299,299,299,299,301,301,301,301,299,300,300,300,301,301,299,299,299,299,299,299,299,299,299,300,299,300,299,299,299,301,300,300,300,301,301,301,301,301,301,299,299,299,299,299,299,299,299,300,300,300,299,300,300,300,300,300,300,300,300,300
300,300,300,300,300,300,300,300,300,300,300,300,300,300,300,300,300,300,300,300,300,300,301,301,301,300,300,300,300,300,300,300,300,299,299,301,301,301,301,300,300,300,300,300,300,301,301,299,299,299,299,299,299,300,301,301,301,300,300,301,301,301,300,301,301,299,299,299,299,299,299,299,299,299,299,300,299,299,299,301,300,300,300,300,300,300,300,301,301,301,301,300,299,299,299,299,299,299,299,300,300,300,300,300,300,300,300,300,299,300
300,300,300,300,300,300,300,300,300,300,300,300,300,300,300,300,300,300,300,300,300,301,301,301,301,301,300,300,300,300,300,300,300,299,299,301,301,301,300,300,300,300,300,300,300,301,301,300,299,299,299,299,299,299,301,301,300,301,300,300,301,301,301,301,301,300,299,299,299,299,299,299,299,299,299,300,299,299,299,301,300,300,300,300,300,300,300,300,301,301,301,301,301,301,301,299,300,299,299,299,299,299,299,300,299,300,300,300,300,300
300,300,300,300,300,300,300,300,300,300,300,300,300,300,300,300,300,300,300,301,301,301,301,301,301,301,301,300,300,300,300,300,300,300,299,299,299,299,300,300,300,300,300,300,300,301,301,299,299,300,300,299,299,299,301,301,300,301,300,301,301,301,301,301,301,301,299,299,299,299,299,299,299,299,299,299,299,300,300,299,300,300,300,300,300,300,300,300,300,300,300,300,300,301,301,301,301,301,301,301,299,301,301,299,300,300,300,301,300,300
300,300,300,300,300,300,300,300,300,300,300,300,300,300,300,300,300,300,300,301,301,301,301,301,301,301,301,300,300,300,300,300,300,300,299,299,299,300,300,301,301,300,300,300,300,301,301,300,299,300,300,299,299,299,300,301,301,301,299,301,301,301,301,301,300,301,299,301,299,299,301,301,299,299,299,299,299,300,300,299,300,300,300,300,300,300,300,300,300,300,300,300,300,300,300,300,300,300,301,300,301,301,300,300,300,300,300,300,300,300
300,300,300,300,300,300,300,300,300,300,300,300,300,300,300,300,300,300,300,300,301,301,300,299,300,301,301,301,300,300,300,300,300,300,300,299,299,300,300,301,301,301,301,301,301,301,301,299,299,300,300,299,299,299,301,301,301,299,300,301,301,301,301,301,301,301,299,301,301,301,301,301,301,301,300,299,300,300,300,300,301,300,300,300,300,300,300,300,300,300,300,300,300,300,300,300,300,300,300,300,300,300,300,300,300,300,300,300,300,300
300,300,300,300,300,300,300,300,300,300,300,300,300,300,300,300,300,300,300,300,300,299,299,299,299,299,299,301,300,300,300,300,300,300,300,300,299,299,299,300,301,301,301,301,301,301,301,299,299,300,300,299,299,299,300,301,300,299,300,301,300,301,301,300,299,300,300,299,301,301,300,301,300,301,301,299,299,300,300,300,300,299,300,300,300,300,300,300,300,300,300,300,300,300,300,300,300,300,300,300,300,300,300,300,300,300,300,300,300,300
300,300,300,300,300,300,300,300,300,300,300,300,300,300,300,300,299,299,299,299,299,300,300,300,299,299,299,299,301,300,300,300,300,300,300,299,301,299,299,299,299,300,301,301,301,300,300,299,299,299,299,299,300,301,301,301,299,299,300,300,300,300,301,299,300,300,300,300,301,300,300,300,300,300,301,301,300,300,300,300,300,300,300,300,300,300,300,300,300,300,300,300,300,300,300,300,300,300,300,300,300,300,300,300,300,300,300,300,300,300
300,300,300,300,300,300,300,300,300,300,300,299,299,299,299,299,299,299,299,299,299,301,300,300,300,300,299,299,301,301,300,300,300,300,300,299,301,300,299,299,299,299,299,300,299,299,299,299,299,299,300,301,301,301,301,300,299,299,300,300,300,300,299,300,300,300,300,300,298,301,300,300,300,300,300,300,301,300,300,300,300,300,300,299,300,300,300,300,300,300,300,300,300,300,300,300,300,300,300,300,300,300,300,300,300,300,300,300,300,300
300,300,300,300,300,299,300,299,299,299,299,299,299,299,299,299,299,299,299,299,300,301,301,300,300,300,300,300,299,300,301,300,300,300,300,301,301,300,299,299,299,299,299,299,299,299,299,299,300,300,301,301,301,301,301,301,299,299,300,300,300,300,300,300,300,300,300,300,299,301,301,300,300,300,300,300,301,301,300,300,300,300,300,300,300,300,300,300,300,300,300,300,300,300,300,300,300,300,300,300,300,300,300,300,300,300,300,300,300,300
299,299,300,299,299,299,299,299,299,299,299,299,299,299,299,299,299,299,299,299,300,301,301,301,300,300,300,300,299,299,301,300,300,300,300,299,302,300,300,299,299,299,299,299,299,300,300,299,301,301,301,301,301,301,301,301,299,299,300,300,300,300,300,300,300,300,300,300,300,299,299,301,300,300,300,300,301,301,300,300,300,300,300,300,300,300,299,301,300,300,300,300,300,300,300,300,300,300,300,300,300,300,300,300,300,300,300,300,300,300
299,300,299,300,299,299,299,299,299,299,299,299,299,299,299,299,299,299,299,299,299,299,300,301,301,300,300,299,299,299,300,301,300,300,300,300,300,300,299,299,299,299,299,299,300,299,300,300,300,301,300,300,301,301,301,301,300,299,300,300,300,300,300,301,300,300,300,300,300,299,299,299,301,301,300,299,300,301,301,300,300,300,300,300,300,300,299,300,301,301,300,300,300,300,300,300,300,300,300,300,300,300,300,300,300,300,300,300,300,300
299,299,299,299,299,299,299,299,299,299,299,299,299,299,299,299,299,299,299,299,299,299,299,299,299,301,302,299,299,299,301,301,301,300,300,300,301,301,301,299,299,299,300,299,300,300,299,300,301,300,300,300,300,300,301,300,301,299,300,300,300,300,299,301,300,300,300,300,300,300,299,299,299,301,301,300,299,301,301,301,300,300,300,300,300,300,299,299,299,299,301,301,301,300,300,300,300,300,300,300,300,300,300,300,300,300,300,300,300,300
299,299,299,299,299,299,299,299,299,299,299,299,299,299,299,299,299,299,299,299,299,299,299,299,299,299,299,300,300,301,299,301,301,300,300,301,301,301,301,301,301,301,301,301,300,300,299,300,298,300,300,300,300,300,300,300,300,300,300,300,300,300,299,301,300,300,300,300,300,300,299,299,299,299,299,300,299,299,301,301,300,300,300,300,300,300,299,299,299,299,301,301,301,300,301,300,300,300,300,300,300,300,300,300,300,300,300,300,300,300
299,299,299,299,299,299,299,299,299,299,299,299,299,299,299,299,299,299,299,299,299,299,299,299,299,300,300,300,301,301,301,301,301,300,301,301,301,301,301,301,301,301,301,300,300,301,300,299,299,300,299,301,300,300,300,300,299,299,301,300,300,300,300,299,299,300,300,300,299,299,299,299,299,299,299,300,299,300,299,300,300,299,300,300,299,299,299,299,299,299,299,299,301,301,301,300,300,300,300,300,300,300,300,300,300,300,300,300,300,300
299,299,299,299,299,299,299,299,299,299,299,299,299,299,299,299,299,299,299,299,299,299,299,299,299,300,300,300,300,300,301,301,301,299,300,301,301,301,301,301,300,301,301,300,301,301,300,300,300,300,300,300,301,299,299,299,299,299,299,301,300,300,300,300,300,300,300,299,299,299,299,299,299,299,299,300,300,300,300,300,300,300,301,299,299,299,299,299,299,299,299,299,300,301,301,301,301,300,300,300,300,300,300,300,300,300,300,300,300,300
299,299,299,299,299,299,299,299,299,299,299,299,299,299,299,299,299,299,299,299,299,299,299,299,299,300,300,300,300,300,300,300,300,301,300,301,300,301,301,301,301,301,301,301,301,301,299,300,300,300,300,300,301,301,301,300,300,299,300,301,300,300,300,300,300,300,300,300,301,300,299,299,299,299,300,301,300,300,300,300,300,300,301,299,299,299,299,299,299,299,299,299,300,301,301,301,301,301,300,300,300,300,300,300,300,300,300,300,300,300
299,299,299,299,299,299,299,299,299,299,299,299,299,299,299,299,299,299,299,299,299,299,299,299,299,300,300,300,300,300,300,300,301,300,299,299,299,299,300,301,301,301,301,301,301,301,300,299,299,300,300,300,300,301,301,300,299,299,299,299,301,300,300,300,300,300,300,300,300,301,300,299,299,300,301,301,300,300,300,300,300,300,300,301,299,299,299,299,299,299,299,299,301,301,301,301,300,300,300,300,300,300,300,300,300,300,300,300,300,300
299,299,299,299,299,299,299,301,301,300,301,301,300,300,300,300,300,301,301,300,300,299,299,299,299,299,300,300,300,300,300,301,301,299,299,299,299,299,299,299,301,301,301,301,301,301,299,299,299,300,300,300,300,300,301,301,299,299,299,299,300,300,300,300,300,300,300,300,300,301,301,301,301,301,301,301,300,300,300,300,300,300,300,301,301,299,299,299,299,299,300,301,301,301,301,301,301,300,300,300,300,300,300,300,300,300,300,300,300,300
299,299,299,301,301,301,301,301,301,301,301,301,301,301,301,301,301,301,301,301,301,301,301,301,301,299,300,300,300,300,300,300,300,299,299,299,299,299,299,299,299,300,300,301,301,300,299,299,299,299,299,300,300,300,301,301,299,299,299,299,299,300,300,299,300,300,300,300,300,301,301,301,301,301,301,301,301,300,300,300,300,300,300,300,300,301,299,299,299,299,300,301,301,301,301,301,300,300,300,300,300,300,300,300,300,300,300,300,300,300
301,301,301,301,301,301,301,301,301,301,301,301,301,301,301,301,300,300,300,300,300,300,300,300,300,300,299,300,300,300,300,300,300,299,300,300,300,299,299,299,299,299,299,299,300,299,299,299,299,299,299,299,300,301,301,301,300,299,299,299,299,300,300,299,299,300,300,300,301,301,301,301,301,301,301,301,301,300,300,300,300,300,299,299,300,300,301,300,301,301,301,301,301,300,301,300,300,300,300,300,300,300,300,300,300,300,300,300,300,300
301,301,301,301,301,300,300,300,301,300,300,300,300,300,300,300,300,300,300,300,300,300,300,300,300,300,300,300,300,300,300,300,300,299,300,300,300,299,299,299,299,299,299,299,299,299,299,300,299,299,299,299,299,300,301,300,300,301,300,299,299,300,300,301,301,301,299,300,301,301,301,301,301,301,301,301,301,301,301,299,300,299,300,301,300,299,299,299,299,300,300,300,300,300,300,300,300,300,300,300,300,300,300,300,300,300,300,300,300,300
300,300,300,300,300,300,300,300,300,300,300,300,300,300,300,300,300,300,300,300,300,300,300,300,300,300,300,300,299,300,300,300,300,300,299,300,300,299,299,299,299,299,299,299,299,299,300,300,300,301,301,301,301,300,299,300,300,301,300,300,299,300,300,300,300,300,300,300,299,299,301,301,301,300,301,301,300,299,300,300,301,301,301,301,301,300,300,299,299,300,300,300,300,300,300,300,300,300,300,300,300,300,300,300,300,300,300,300,300,300
300,300,300,300,300,300,300,300,300,300,300,300,300,300,300,300,300,300,300,300,300,300,300,300,300,300,300,300,300,301,300,300,300,300,300,300,300,300,300,300,299,299,299,299,299,299,299,300,301,301,301,301,301,300,299,300,301,301,301,301,299,299,300,300,300,300,300,300,299,299,299,301,301,301,301,301,299,300,300,301,301,301,301,301,301,301,299,299,299,299,300,300,300,300,300,300,300,300,300,300,300,300,300,300,300,300,300,300,300,300
300,300,300,300,300,300,300,300,300,300,300,300,300,300,300,300,300,300,300,300,300,300,300,300,300,300,300,300,300,301,300,300,300,300,300,298,299,299,299,299,299,299,299,299,299,299,299,300,301,301,301,301,300,300,299,299,301,301,301,301,300,299,300,300,300,300,300,300,300,299,299,300,300,300,299,299,300,300,300,300,300,301,301,301,301,301,301,299,299,299,300,300,300,300,300,300,300,300,300,300,300,300,300,300,300,300,300,300,300,300
300,300,300,300,300,300,300,300,300,300,300,300,300,300,300,300,300,300,300,300,300,300,300,300,300,300,300,300,300,301,300,300,300,300,300,300,299,299,299,299,299,299,299,299,299,299,299,300,301,301,301,301,300,300,299,299,301,301,301,301,301,301,299,300,300,300,300,300,300,299,299,299,301,301,301,301,300,300,300,300,301,301,301,301,301,301,301,299,299,299,300,300,300,300,300,300,300,300,300,300,300,300,300,300,300,300,300,300,300,300
300,300,300,300,300,300,300,300,300,300,300,300,300,300,300,300,300,300,300,300,300,300,300,300,300,300,300,300,300,301,299,300,300,300,300,300,301,299,299,299,299,299,299,299,299,299,299,299,300,301,301,301,300,300,299,301,301,301,301,301,301,301,299,300,300,300,300,300,300,300,299,301,301,301,301,301,301,300,300,300,300,301,301,301,301,301,301,299,299,299,300,300,300,300,300,300,300,300,300,300,300,300,300,300,300,300,300,300,300,300
300,300,300,300,300,300,300,300,300,300,300,300,300,300,300,300,300,300,300,300,300,300,300,300,300,300,300,300,300,301,300,300,300,300,300,300,301,299,299,299,299,299,299,299,299,299,299,299,299,300,301,301,300,300,299,299,301,301,301,301,301,301,299,299,300,300,300,300,300,299,299,300,300,300,300,299,301,301,301,301,301,301,301,301,301,301,301,299,299,300,300,300,300,300,300,300,300,300,300,300,300,300,300,300,300,300,300,300,300,300
300,300,300,300,300,300,300,300,300,300,300,300,300,300,300,300,300,300,300,300,300,300,300,300,300,300,300,300,300,301,300,300,300,300,300,300,300,301,299,299,299,299,299,299,299,299,299,299,299,299,299,299,301,300,299,299,301,301,301,300,300,300,301,299,300,300,300,300,299,301,301,300,300,300,300,299,299,301,301,301,301,301,301,301,301,301,301,299,299,300,300,300,300,300,300,300,300,300,300,300,300,300,300,300,300,300,300,300,300,300
300,300,300,300,300,300,300,300,300,300,300,300,300,300,300,300,300,300,300,300,300,300,300,300,300,300,300,300,300,300,300,300,300,300,300,300,301,301,299,299,299,299,299,299,299,299,299,299,299,299,299,299,300,300,299,299,300,301,301,300,300,300,300,301,301,299,299,299,301,300,300,300,300,300,300,299,299,301,301,301,301,301,301,301,301,301,299,299,300,300,300,300,300,300,300,300,300,300,300,300,300,300,300,300,300,300,300,300,300,300
300,300,300,300,300,300,300,300,300,300,300,300,300,300,300,300,300,300,300,300,300,300,300,300,300,300,300,300,300,299,300,300,300,300,300,300,301,301,299,299,299,299,299,299,299,299,299,299,299,299,299,299,300,300,299,299,301,301,301,300,300,300,300,300,300,301,301,300,300,300,300,300,300,300,300,299,299,299,301,301,301,301,301,301,301,301,299,300,300,300,300,300,300,300,300,300,300,300,300,300,300,300,300,300,300,300,300,300,300,300
300,300,300,300,300,300,300,300,300,300,300,300,300,300,300,300,300,300,300,300,300,300,300,300,300,300,300,300,301,300,300,300,300,300,300,301,299,299,299,299,299,299,299,299,299,299,299,299,299,300,300,300,300,300,299,299,299,299,301,300,300,300,300,300,300,300,300,300,300,300,300,300,300,300,300,299,299,299,299,301,301,301,301,301,301,299,300,300,300,300,300,300,300,300,300,300,300,300,300,300,300,300,300,300,300,300,300,300,300,300
300,300,300,300,300,300,300,300,300,300,300,300,300,300,300,300,300,300,300,300,300,300,300,300,300,300,300,299,300,300,300,300,300,300,301,301,299,299,299,299,299,299,299,299,299,299,299,299,299,300,300,300,300,300,299,300,300,300,300,300,301,299,300,300,300,300,300,300,300,300,300,300,300,300,300,299,299,299,299,301,301,301,300,300,301,300,300,300,300,300,300,300,300,300,300,300,300,300,300,300,300,300,300,300,300,300,300,300,300,300
300,300,300,300,300,300,300,300,300,300,300,300,300,300,300,300,300,300,300,300,300,300,300,300,300,300,300,300,300,300,300,300,300,300,301,299,300,300,300,300,299,299,301,301,301,299,299,299,299,300,300,300,300,300,299,300,300,300,300,300,301,301,299,300,300,300,301,300,300,300,300,300,300,300,299,299,299,299,299,299,299,303,301,301,301,301,301,300,300,300,300,300,300,300,300,300,300,300,300,300,300,300,300,300,300,300,300,300,300,300
300,300,300,300,300,300,300,300,300,300,300,300,300,300,300,300,300,300,300,300,300,300,300,300,300,299,300,300,300,300,300,300,300,300,299,299,300,300,300,300,300,299,298,301,301,301,301,299,299,300,300,300,300,300,300,300,300,300,300,300,300,301,300,300,300,300,300,300,300,300,300,300,300,299,299,299,299,299,299,300,300,301,301,301,301,301,301,301,301,300,300,300,300,300,300,300,300,300,300,300,300,300,300,300,300,300,300,300,300,300
300,300,300,300,300,300,300,300,300,300,300,300,300,300,300,300,300,300,300,300,300,300,300,300,300,300,300,300,300,300,300,300,300,300,299,300,300,300,300,300,300,299,301,300,300,300,300,301,300,300,300,300,300,301,299,300,300,300,300,300,300,300,300,300,300,300,301,299,300,300,300,299,299,299,299,299,299,299,299,300,301,301,301,301,301,301,301,301,301,300,301,301,300,300,300,300,300,300,300,300,300,300,300,300,300,300,300,300,300,300
300,300,300,300,300,300,300,300,300,300,300,300,300,300,300,300,300,300,300,300,300,300,300,300,300,300,300,300,300,300,300,300,300,300,299,300,300,300,300,300,300,299,301,301,300,300,300,300,301,299,300,300,300,301,299,299,300,300,300,300,300,300,300,300,300,300,300,300,300,300,301,301,299,299,299,299,299,300,300,301,301,301,301,301,301,301,301,301,301,301,301,300,300,301,300,300,300,300,300,300,300,300,300,300,300,300,300,300,300,300
300,300,300,300,300,300,300,300,300,300,300,300,300,300,300,300,300,300,300,300,300,299,300,300,300,300,300,300,300,300,300,300,300,300,299,300,300,300,300,300,300,299,300,300,300,300,300,300,300,300,301,301,301,301,301,299,300,300,300,300,300,300,300,300,300,300,300,300,300,300,300,300,301,301,301,300,299,300,300,301,301,301,301,301,301,301,301,301,301,301,301,301,301,301,301,300,300,301,300,300,300,300,300,300,300,300,300,300,300,300
300,300,300,300,300,300,300,300,300,300,300,300,300,300,300,300,300,300,300,299,300,300,300,300,300,300,300,300,300,300,300,300,300,300,299,300,300,300,300,300,300,299,301,300,300,300,300,300,300,300,299,301,301,301,301,301,300,300,300,300,300,300,300,300,300,300,300,300,300,300,300,300,300,300,300,300,301,299,301,301,301,301,301,301,301,301,301,301,301,301,301,301,301,301,301,301,301,300,300,300,301,300,300,300,300,300,300,300,300,300
300,300,300,300,300,300,300,300,300,300,300,300,300,300,300,300,300,299,300,300,300,300,300,300,300,300,300,300,300,300,300,300,300,300,299,300,300,300,300,300,300,299,299,301,300,300,300,300,300,300,300,301,301,301,301,301,301,299,299,300,300,300,300,300,300,300,300,300,300,300,300,300,300,300,300,300,300,299,301,301,301,301,301,301,301,301,301,301,301,301,301,301,301,301,301,301,301,301,301,301,300,300,300,300,300,300,300,300,300,300
300,300,300,300,300,300,300,300,300,300,300,300,300,300,300,300,301,300,300,300,300,300,300,300,300,300,300,300,300,300,300,300,300,300,299,300,300,300,300,300,299,299,301,300,300,300,300,300,300,300,299,301,301,301,301,301,301,301,301,299,300,300,300,300,300,300,300,300,300,300,300,300,300,300,300,300,300,299,299,300,301,301,301,301,301,301,301,301,301,301,301,301,301,301,301,301,301,301,301,300,301,301,301,300,300,300,300,300,300,300
300,300,300,300,300,300,300,300,300,300,300,300,300,300,300,300,300,300,300,300,300,300,300,300,300,300,300,300,300,300,300,300,300,300,299,300,300,300,300,300,300,299,301,301,300,300,300,300,300,299,301,301,300,300,300,300,300,300,300,300,300,301,300,300,300,300,300,300,300,300,300,300,300,300,300,300,300,299,299,299,301,301,301,301,301,301,301,301,301,301,301,301,301,301,301,301,301,301,301,301,301,300,300,300,300,300,300,300,300,300
300,300,300,300,300,300,300,300,300,300,300,300,300,300,300,300,300,300,300,300,300,300,300,300,300,300,300,300,300,300,300,300,300,300,299,300,300,300,300,300,299,299,301,300,300,300,300,300,300,300,301,301,300,300,300,300,300,300,300,300,300,300,301,301,300,300,300,300,300,300,300,300,300,300,300,300,300,300,299,299,299,301,301,301,301,301,301,301,301,301,301,301,301,301,301,301,301,301,301,300,300,301,300,300,300,300,300,300,300,300
300,300,300,300,300,300,300,300,300,300,300,300,300,300,300,300,300,300,300,300,300,300,300,300,300,300,300,300,300,300,300,300,300,300,300,299,300,300,300,300,299,299,301,301,300,300,300,300,300,299,301,300,300,300,300,300,300,300,300,300,300,300,300,299,301,300,300,300,300,300,300,300,300,300,300,300,300,299,299,299,300,301,301,301,301,301,301,301,301,301,301,301,301,301,301,301,301,301,301,301,301,300,300,300,300,300,300,300,300,300
300,300,300,300,300,300,300,300,300,300,300,300,300,300,300,300,300,300,300,300,300,300,300,300,300,300,300,300,300,300,300,300,300,300,300,299,299,300,300,299,299,299,301,301,301,300,300,300,300,301,300,300,300,300,300,300,300,300,300,300,300,300,300,299,299,301,300,300,300,300,300,300,300,300,300,300,300,299,299,299,300,301,301,301,301,301,301,301,301,301,301,301,301,301,301,301,301,301,301,301,300,300,300,300,300,300,300,300,300,300
300,300,300,300,300,300,300,300,300,300,300,300,300,300,300,300,300,300,300,300,300,300,300,300,300,300,300,300,300,300,300,300,300,300,300,301,299,299,299,299,299,299,299,301,301,301,301,300,300,300,300,300,300,300,300,300,300,300,300,300,300,300,300,299,299,299,301,301,300,300,300,300,300,300,300,300,300,299,299,299,300,299,301,301,301,301,301,301,301,301,301,301,301,301,301,301,301,301,301,301,300,300,300,300,300,300,300,300,300,300
300,300,300,300,300,300,300,300,300,300,300,300,300,300,300,300,300,300,300,300,300,300,300,300,300,300,300,300,300,300,300,300,300,300,300,301,299,299,299,299,299,299,301,301,301,301,301,301,299,300,300,300,300,300,300,300,300,300,300,300,300,300,300,300,299,299,299,301,301,300,300,300,300,300,300,300,300,299,299,299,300,301,301,301,301,301,301,301,301,301,301,301,301,301,301,301,301,301,301,300,300,300,300,300,300,300,300,300,300,300
300,300,300,300,300,300,300,300,300,300,300,300,300,300,300,300,300,300,300,300,300,300,300,300,300,300,300,300,300,300,300,300,300,300,300,301,299,299,299,299,299,299,299,299,301,299,301,299,300,300,300,300,300,300,300,300,300,300,300,300,300,300,300,300,299,299,299,300,301,301,301,300,300,300,300,300,300,299,299,299,299,299,301,301,301,301,301,301,301,301,301,301,301,301,301,301,301,301,300,300,300,300,300,300,300,300,300,300,300,300
300,300,300,300,300,300,300,300,300,299,300,299,300,300,300,300,300,300,300,300,300,300,300,300,300,300,300,300,300,300,300,300,300,300,300,300,301,299,299,299,299,299,299,299,300,299,300,299,300,300,300,300,300,300,300,300,300,300,300,300,300,300,300,300,299,299,299,299,299,299,301,301,300,300,300,300,299,299,299,300,300,301,301,301,301,301,301,301,301,301,301,301,301,301,301,301,301,301,300,301,300,300,300,300,300,300,300,300,300,300
300,300,300,300,300,300,300,300,299,299,300,299,300,300,300,300,300,300,300,300,300,300,300,300,300,300,300,300,300,300,300,300,300,300,300,300,301,299,299,299,299,299,299,299,299,299,299,299,300,300,300,300,300,300,300,300,300,300,300,300,300,300,300,300,300,299,299,299,299,299,300,301,300,300,300,300,299,299,300,300,301,301,301,301,301,301,301,301,301,301,301,301,301,301,301,301,301,300,300,300,300,300,300,300,300,300,300,300,300,300
300,300,300,300,300,300,300,299,299,300,301,301,300,300,300,300,300,300,300,300,300,300,300,300,300,300,300,300,300,300,300,300,300,300,300,300,301,300,299,299,299,299,299,299,299,299,299,300,300,300,300,300,300,300,300,300,300,300,300,300,300,300,300,300,300,300,299,299,299,299,299,299,301,299,300,300,299,300,301,301,301,301,301,301,301,301,301,301,301,301,301,301,301,301,301,301,301,300,300,300,300,300,300,300,300,300,300,300,300,300
300,300,300,300,300,300,300,300,300,299,299,301,300,300,300,300,300,300,300,300,300,300,300,300,300,300,300,300,300,300,300,300,300,300,300,300,300,300,299,299,299,299,299,299,299,299,299,300,300,300,300,300,300,300,300,300,300,300,300,300,300,300,300,300,300,300,299,299,299,299,299,299,299,299,299,300,300,299,299,300,301,300,301,301,301,301,301,301,301,301,301,301,301,301,301,301,301,301,301,300,300,300,300,300,300,300,300,300,300,300
300,300,300,300,300,300,300,300,299,301,301,301,300,300,300,300,300,300,300,300,300,300,300,300,300,300,300,300,300,300,300,300,300,300,300,300,300,300,299,299,300,299,299,299,299,299,299,300,300,300,300,300,300,300,300,300,300,300,300,300,300,300,300,300,300,299,299,300,299,300,300,300,300,300,300,300,300,301,300,301,301,301,301,301,301,301,301,301,301,301,301,301,301,301,301,301,300,300,301,300,300,300,300,300,300,300,300,300,300,300
300,300,300,300,300,300,300,300,299,299,301,301,301,300,300,300,300,300,300,300,300,300,300,300,300,300,300,300,300,300,300,300,300,300,300,300,300,299,299,299,299,299,300,299,300,299,299,300,300,300,300,300,300,300,300,300,300,300,300,300,300,300,300,300,300,300,300,300,300,300,300,299,299,300,300,300,300,301,301,300,301,301,301,301,301,301,301,301,301,301,301,301,301,301,301,301,301,301,301,300,300,300,300,300,300,300,300,300,300,300
300,300,300,300,300,300,300,300,299,299,301,301,300,300,300,300,300,300,300,300,300,300,300,300,300,300,300,300,300,300,300,300,300,300,300,300,300,301,300,300,300,300,299,299,300,300,300,300,300,300,300,300,300,300,300,300,300,300,300,300,300,300,300,300,300,300,300,300,300,300,300,300,299,300,300,300,300,301,300,301,301,301,301,301,301,301,301,301,301,301,301,301,301,301,300,301,301,301,301,300,300,300,300,300,300,300,300,300,300,300
300,300,300,300,300,300,300,300,301,301,301,300,301,300,300,300,300,300,300,300,300,300,300,300,300,300,300,300,300,300,300,300,300,300,300,300,300,299,299,300,299,300,300,300,300,300,300,300,300,300,300,300,300,300,300,300,300,300,300,300,300,300,300,300,300,300,300,300,300,300,300,300,300,300,300,300,300,301,300,300,301,301,301,301,301,301,301,301,301,301,301,301,301,300,300,301,300,300,300,300,300,300,300,300,300,300,300,301,301,300
300,300,300,300,300,300,300,300,300,299,300,300,300,300,300,300,300,300,300,300,300,300,300,300,300,300,300,300,300,300,300,300,300,300,300,300,300,299,300,300,299,300,299,300,300,300,300,300,300,300,300,300,300,300,300,300,300,300,300,300,300,300,300,300,300,300,300,300,300,300,300,300,300,300,300,300,300,300,301,301,301,301,301,301,301,301,301,301,301,301,301,301,301,300,300,301,300,301,300,300,300,300,300,300,300,301,301,301,301,300
300,300,300,300,300,300,300,300,300,301,301,300,300,300,300,300,300,300,300,300,300,300,300,300,300,300,300,300,300,300,300,300,300,300,300,299,299,301,299,300,300,299,300,300,300,300,300,300,300,300,300,300,300,300,300,300,300,300,300,300,300,300,300,300,300,300,299,300,300,300,300,300,300,300,300,300,300,300,301,300,301,301,301,301,301,301,301,301,301,301,301,301,300,300,300,300,300,301,300,300,300,300,300,300,300,299,300,300,299,300
300,300,300,300,300,300,300,300,300,299,301,300,300,300,300,300,300,300,300,300,300,300,300,300,300,300,300,300,300,300,300,300,300,300,300,300,299,300,301,300,300,299,300,300,300,300,300,300,300,300,300,300,300,300,300,300,300,300,300,300,300,300,300,300,300,300,300,300,300,300,300,300,300,300,300,300,300,300,300,300,301,300,301,301,301,301,300,301,301,301,301,301,300,300,300,300,300,300,300,300,300,300,300,300,300,301,301,300,300,300
300,300,300,300,300,300,300,300,300,301,301,300,300,300,300,300,300,300,300,300,300,300,300,300,300,300,300,300,300,300,300,300,300,300,300,299,299,300,300,300,300,299,300,300,300,300,300,300,300,300,300,300,300,300,300,300,300,300,300,300,300,300,300,300,300,300,300,300,300,300,300,300,300,300,300,300,300,300,300,300,300,300,300,300,300,300,300,300,300,300,301,300,300,300,300,300,300,300,300,300,300,300,300,300,301,301,301,301,301,300
300,300,300,300,300,300,300,300,300,301,301,300,300,300,300,300,300,300,300,300,300,300,300,300,300,300,300,300,300,300,300,300,300,300,300,300,299,299,301,300,300,299,300,300,300,300,300,300,300,300,299,300,300,300,300,300,300,300,300,300,300,300,300,300,300,300,300,300,300,300,300,299,300,300,300,300,300,300,300,301,300,300,300,300,300,300,300,300,300,300,300,300,300,300,300,300,300,300,300,300,300,300,300,300,301,301,301,301,301,300
300,300,300,300,300,300,300,300,300,300,301,300,300,300,300,300,300,300,300,300,300,300,300,300,300,300,300,300,300,300,300,300,300,300,300,299,299,301,300,300,300,299,300,300,300,300,300,300,300,300,300,300,300,300,300,300,300,300,300,300,300,300,300,300,300,300,300,299,300,300,300,300,300,300,300,300,300,300,300,300,300,300,300,300,300,300,300,300,300,300,300,300,300,300,300,300,300,300,300,300,300,300,300,300,301,301,301,301,301,300
300,300,300,300,300,300,300,300,300,300,301,300,300,300,300,300,300,300,300,300,300,300,300,300,300,300,300,300,300,300,300,300,300,300,300,299,299,300,300,300,300,300,300,300,300,299,300,300,300,300,300,299,300,300,300,300,300,300,300,300,300,300,300,300,300,300,300,300,300,300,300,300,300,300,300,300,300,300,300,300,300,300,300,300,300,300,300,300,300,300,300,300,300,300,300,300,300,300,300,300,300,300,300,300,301,301,301,301,301,300
300,300,300,300,300,300,300,300,300,300,301,300,300,300,300,300,300,300,300,300,300,300,300,300,300,300,300,300,300,300,300,300,300,300,299,299,301,300,300,300,300,300,299,300,300,300,300,300,300,300,300,299,300,300,299,300,300,300,300,299,300,300,300,300,300,300,300,300,300,300,300,300,300,300,300,300,300,300,300,300,300,300,300,300,300,300,300,300,300,300,300,300,300,300,300,300,300,300,300,300,300,300,300,300,300,300,300,301,301,300
300,300,300,300,300,300,300,300,300,300,300,300,300,300,300,300,300,300,300,300,300,300,300,300,300,300,300,300,300,300,300,299,299,299,299,299,299,300,301,300,300,300,300,300,300,300,300,300,300,300,299,300,300,300,300,299,300,300,299,300,300,300,300,300,299,300,300,300,300,300,300,300,300,300,300,300,300,300,300,300,300,300,300,300,300,300,300,300,300,300,300,300,300,300,300,300,300,300,300,300,300,300,300,300,300,300,300,300,301,300
300,300,300,300,300,300,300,300,300,300,300,300,300,300,300,300,300,300,300,300,300,300,300,300,300,300,300,300,300,300,300,300,299,299,299,299,299,299,300,301,301,300,299,300,300,300,300,300,300,299,300,300,300,300,299,300,300,300,299,299,300,300,300,300,300,300,299,300,300,300,300,300,300,300,300,300,300,300,300,300,300,300,300,300,300,300,300,300,300,300,300,300,300,301,300,300,300,300,300,300,300,300,300,300,300,300,300,300,300,300
300,300,300,300,300,300,300,300,300,300,300,300,300,300,300,300,300,300,300,300,300,300,300,300,300,300,300,300,300,299,299,299,299,299,299,299,299,299,299,299,301,301,301,301,301,299,300,300,300,299,299,300,300,300,299,300,300,300,299,299,300,300,300,299,299,300,300,300,300,300,300,301,300,300,301,300,300,300,300,300,300,300,300,300,300,300,300,300,300,300,300,300,300,300,300,300,300,300,300,300,300,300,300,300,300,300,300,300,300,300
